305435          196000          86966           131537.581555   WqqGammaPt140_280
305436          96000           82421           64668.177116    WqqGammaPt280_500
305437          97000           87561           65565.290996    WqqGammaPt500_1000
305438          76000           71916           51691.173214    WqqGammaPt1000_2000
305439          10000           9574            7021.069192     WqqGammaPt2000_inf
305440          592000          221548          411954.188745   ZqqGammaPt140_280
305441          196000          164753          136651.665405   ZqqGammaPt280_500
305442          293000          262487          205439.853879   ZqqGammaPt500_1000
305443          79000           74640           56022.556570    ZqqGammaPt1000_2000
305444          10000           9605            7246.475769     ZqqGammaPt2000_inf
305799          97000           57166           298440.356324   ggH500_Zqqgam
305800          100000          64862           205161.732439   ggH550_Zqqgam
305801          97000           67364           133419.450879   ggH600_Zqqgam
305802          99000           71877           92286.195099    ggH650_Zqqgam
305803          100000          87794           70.843780       ggH2000_Zqqgam
305804          98000           86595           11.434697       ggH2500_Zqqgam
305805          96000           84987           2.232234        ggH3000_Zqqgam
305806          99000           87493           0.520353        ggH3500_Zqqgam
305807          98000           86601           0.126652        ggH4000_Zqqgam
305808          98000           86716           0.032880        ggH4500_Zqqgam
305809          99000           87446           0.008897        ggH5000_Zqqgam
308551          10000           8850            0.000244        ggH5500_Zqqgam
308552          10000           8873            0.000066        ggH6000_Zqqgam
308553          10000           8766            0.000017        ggH6500_Zqqgam
308554          10000           8817            0.000004        ggH7000_Zqqgam
306159          98000           46787           98000.000000    HVT_Agv1_VcWy_qqy_m0500
306160          100000          53667           100000.000000   HVT_Agv1_VcWy_qqy_m0550
306161          98000           57419           98000.000000    HVT_Agv1_VcWy_qqy_m0600
306162          99000           61526           99000.000000    HVT_Agv1_VcWy_qqy_m0650
306163          100000          66945           100000.000000   HVT_Agv1_VcWy_qqy_m0700
306164          99000           68154           99000.000000    HVT_Agv1_VcWy_qqy_m0750
306165          100000          70955           100000.000000   HVT_Agv1_VcWy_qqy_m0800
306166          99000           74249           99000.000000    HVT_Agv1_VcWy_qqy_m0900
306167          98000           75360           98000.000000    HVT_Agv1_VcWy_qqy_m1000
306168          98000           80692           98000.000000    HVT_Agv1_VcWy_qqy_m1500
306169          97000           82738           97000.000000    HVT_Agv1_VcWy_qqy_m2000
306170          99000           84959           99000.000000    HVT_Agv1_VcWy_qqy_m2500
306171          99000           85037           99000.000000    HVT_Agv1_VcWy_qqy_m3000
306172          99000           85206           99000.000000    HVT_Agv1_VcWy_qqy_m3500
306173          97000           83754           97000.000000    HVT_Agv1_VcWy_qqy_m4000
306174          98000           84052           98000.000000    HVT_Agv1_VcWy_qqy_m4500
306175          99000           85091           99000.000000    HVT_Agv1_VcWy_qqy_m5000
308563          10000           8604            10000.000000    HVT_Agv1_VcWy_qqy_m5500
308564          10000           8576            10000.000000    HVT_Agv1_VcWy_qqy_m6000
308565          10000           8645            10000.000000    HVT_Agv1_VcWy_qqy_m6500
308566          10000           8644            10000.000000    HVT_Agv1_VcWy_qqy_m7000
306201          97000           60855           97000.000000    HC_qqX2toZy_qqy_500_NW
306202          98000           67810           98000.000000    HC_qqX2toZy_qqy_550_NW
306203          98000           72270           98000.000000    HC_qqX2toZy_qqy_600_NW
306204          98000           75567           98000.000000    HC_qqX2toZy_qqy_650_NW
306205          100000          78992           100000.000000   HC_qqX2toZy_qqy_700_NW
306206          98000           79509           98000.000000    HC_qqX2toZy_qqy_750_NW
306207          98000           80934           98000.000000    HC_qqX2toZy_qqy_800_NW
306208          98000           83150           98000.000000    HC_qqX2toZy_qqy_900_NW
306209          100000          86211           100000.000000   HC_qqX2toZy_qqy_1000_NW
306210          98000           87841           98000.000000    HC_qqX2toZy_qqy_1500_NW
306211          97000           87928           97000.000000    HC_qqX2toZy_qqy_2000_NW
306212          100000          91365           100000.000000   HC_qqX2toZy_qqy_2500_NW
306213          97000           88868           97000.000000    HC_qqX2toZy_qqy_3000_NW
306214          99000           90729           99000.000000    HC_qqX2toZy_qqy_3500_NW
306215          96000           87823           96000.000000    HC_qqX2toZy_qqy_4000_NW
306216          100000          91673           100000.000000   HC_qqX2toZy_qqy_4500_NW
306217          98000           89777           98000.000000    HC_qqX2toZy_qqy_5000_NW
308559          9000            8230            9000.000000     HC_qqX2toZy_qqy_5500_NW
308560          9000            8289            9000.000000     HC_qqX2toZy_qqy_6000_NW
308561          10000           9162            10000.000000    HC_qqX2toZy_qqy_6500_NW
308562          10000           9141            10000.000000    HC_qqX2toZy_qqy_7000_NW
306243          97000           40015           97000.000000    HC_ggX2toZy_qqy_500_NW
306244          99000           47790           99000.000000    HC_ggX2toZy_qqy_550_NW
306245          98000           52828           98000.000000    HC_ggX2toZy_qqy_600_NW
306246          99000           57930           99000.000000    HC_ggX2toZy_qqy_650_NW
306247          99000           61230           99000.000000    HC_ggX2toZy_qqy_700_NW
306248          97000           62801           97000.000000    HC_ggX2toZy_qqy_750_NW
306249          98000           65944           98000.000000    HC_ggX2toZy_qqy_800_NW
306250          99000           70614           99000.000000    HC_ggX2toZy_qqy_900_NW
306251          98000           72365           98000.000000    HC_ggX2toZy_qqy_1000_NW
306252          99000           79466           99000.000000    HC_ggX2toZy_qqy_1500_NW
306253          98000           80781           98000.000000    HC_ggX2toZy_qqy_2000_NW
306254          99000           82256           99000.000000    HC_ggX2toZy_qqy_2500_NW
306255          98000           81340           98000.000000    HC_ggX2toZy_qqy_3000_NW
306256          95000           78686           95000.000000    HC_ggX2toZy_qqy_3500_NW
306257          98000           81400           98000.000000    HC_ggX2toZy_qqy_4000_NW
306258          98000           81287           98000.000000    HC_ggX2toZy_qqy_4500_NW
306259          94000           77665           94000.000000    HC_ggX2toZy_qqy_5000_NW
308555          8000            6599            8000.000000     HC_ggX2toZy_qqy_5500_NW
308556          10000           8216            10000.000000    HC_ggX2toZy_qqy_6000_NW
308557          10000           8249            10000.000000    HC_ggX2toZy_qqy_6500_NW
308558          10000           8258            10000.000000    HC_ggX2toZy_qqy_7000_NW
307336          100000          42989           100000.000000   ZpHA_Y1toHy_bby_500_NW
307337          95000           47949           95000.000000    ZpHA_Y1toHy_bby_550_NW
307338          95000           53718           95000.000000    ZpHA_Y1toHy_bby_600_NW
307339          99000           60387           99000.000000    ZpHA_Y1toHy_bby_650_NW
307340          99000           63787           99000.000000    ZpHA_Y1toHy_bby_700_NW
307341          80000           53812           80000.000000    ZpHA_Y1toHy_bby_750_NW
307342          89000           62067           89000.000000    ZpHA_Y1toHy_bby_800_NW
307343          99000           72362           99000.000000    ZpHA_Y1toHy_bby_900_NW
307344          97000           73739           97000.000000    ZpHA_Y1toHy_bby_1000_NW
307345          98000           80848           98000.000000    ZpHA_Y1toHy_bby_1500_NW
307346          99000           83771           99000.000000    ZpHA_Y1toHy_bby_2000_NW
307347          97000           82942           97000.000000    ZpHA_Y1toHy_bby_2500_NW
307348          99000           85079           99000.000000    ZpHA_Y1toHy_bby_3000_NW
307349          89000           76635           89000.000000    ZpHA_Y1toHy_bby_3500_NW
307350          91000           78387           91000.000000    ZpHA_Y1toHy_bby_4000_NW
307351          99000           85367           99000.000000    ZpHA_Y1toHy_bby_4500_NW
307352          99000           85160           99000.000000    ZpHA_Y1toHy_bby_5000_NW
343581          99000           74261           63408.863123    ggH700_Zqqgam
343582          99000           76283           44188.542962    ggH750_Zqqgam
343583          98000           77279           30905.429609    ggH800_Zqqgam
343584          100000          82714           8894.554526     ggH1000_Zqqgam
343585          88000           76056           511.918783      ggH1500_Zqqgam
361039          19946800        444             19998588.376893 SinglePhotonPt35_70_CVetoBVeto
361040          9979800         261             10008789.958758 SinglePhotonPt35_70_CFilterBVeto
361041          1995800         78              2004439.123429  SinglePhotonPt35_70_BFilter
361042          1999200         601             2004168.316282  SinglePhotonPt70_140_CVetoBVeto
361043          1993400         706             1998801.421020  SinglePhotonPt70_140_CFilterBVeto
361044          499400          277             500870.898052   SinglePhotonPt70_140_BFilter
361046          1993200         551400          2001981.906651  SinglePhotonPt140_280_CFilterBVeto
361047          997600          286515          1000855.055841  SinglePhotonPt140_280_BFilter
361045          9966800         2586265         10002558.579023 SinglePhotonPt140_280_CVetoBVeto
361048          997200          726910          1005272.660188  SinglePhotonPt280_500_CVetoBVeto
361049          500000          378274          504186.770075   SinglePhotonPt280_500_CFilterBVeto
361050          99800           76655           100444.438317   SinglePhotonPt280_500_BFilter
361051          200000          154143          201516.359677   SinglePhotonPt500_1000_CVetoBVeto
361052          100000          80227           100749.915887   SinglePhotonPt500_1000_CFilterBVeto
361053          20000           16465           20094.237402    SinglePhotonPt500_1000_BFilter
361054          100000          91873           101112.816294   SinglePhotonPt1000_2000_CVetoBVeto
361055          50000           46138           50489.289774    SinglePhotonPt1000_2000_CFilterBVeto
361056          10000           9257            10032.415780    SinglePhotonPt1000_2000_BFilter
361057          101000          97015           102653.496684   SinglePhotonPt2000_4000_CVetoBVeto
361058          50500           48388           51251.976739    SinglePhotonPt2000_4000_CFilterBVeto
361059          10000           9600            10116.016133    SinglePhotonPt2000_4000_BFilter
361060          1000            938             1005.291542     SinglePhotonPt4000_CVetoBVeto
361061          800             759             808.349305      SinglePhotonPt4000_CFilterBVeto
361062          1000            941             1004.846240     SinglePhotonPt4000_BFilter
410082          590000          11340           590000.000000   ttgamma_noallhad
410087          198000          4620            198000.000000   ttgamma_allhad
410082          199000          3917            199000.000000   ttgammaAF_noallhad
410087          200000          4662            200000.000000   ttgammaAF_allhad
410088          197000          3750            197000.000000   ttgamma4080_allhad
410089          198000          36312           198000.000000   ttgamma80_allhad
423100          2184200         23              2184200.000000  gammajet_DP17_35
423101          2242800         155             2242800.000000  gammajet_DP35_50
423102          2963340         617             2963340.000000  gammajet_DP50_70
423103          2883800         3334            2883800.000000  gammajet_DP70_140
423104          996400          309102          996400.000000   gammajet_DP140_280
423105          967199          710468          967199.000000   gammajet_DP280_500
423106          994200          753454          994200.000000   gammajet_DP500_800
423107          92000           74571           92000.000000    gammajet_DP800_1000
423108          99500           90115           99500.000000    gammajet_DP1000_1500
423109          98300           92975           98300.000000    gammajet_DP1500_2000
423110          94700           90244           94700.000000    gammajet_DP2000_2500
423111          98300           93646           98300.000000    gammajet_DP2500_3000
423112          97700           92917           97700.000000    gammajet_DP3000_inf
364543          9879000         3211            5935531.014509  SinglePhoton_pty_70_140
364544          9862600         3070822         6390469.852340  SinglePhoton_pty_140_280
364545          2970000         2523468         1985060.773124  SinglePhoton_pty_280_500
364546          989400          895442          669107.663556   SinglePhoton_pty_500_1000
364547          491580          461354          340972.002684   SinglePhoton_pty_1000_E_CMS
