  00325713   24091770      17289 24091770.000000
  00325790   12840594       9130 12840594.000000
  00326439     638754          7   638754.000000
  00326446   10150104       8685 10150104.000000
  00326468    3057231        313  3057231.000000
  00326551   25908163      27825 25908163.000000
  00326657   14485491      15717 14485491.000000
  00326695   24289480      25558 24289480.000000
  00326834   39562547      46169 39562547.000000
  00326870   10246939      13274 10246939.000000
  00326923   25311276      31581 25311276.000000
  00326945   28890748      35699 28890748.000000
  00327057   36583679      53315 36583679.000000
  00327103    9718965      17776  9718965.000000
  00327265   42814259      77603 42814259.000000
  00327342   57420012     108348 57420012.000000
  00327490   43234714      75414 43234714.000000
  00327582    2898440       7464  2898440.000000
  00327636   21103653      42991 21103653.000000
  00327662   31800092      63693 31800092.000000
  00327745    8469105      18673  8469105.000000
  00327761     441993       1260   441993.000000
  00327764   51856905     105866 51856905.000000
  00327860    6589729      14620  6589729.000000
  00327862   25699812      52838 25699812.000000
  00328042   26946068      55328 26946068.000000
  00328099   43615474      89340 43615474.000000
  00328221    8347942      17955  8347942.000000
  00328263   41360677      86548 41360677.000000
  00328333   25530544      54436 25530544.000000
  00328374    1081381       2199  1081381.000000
  00328393   18313761      40116 18313761.000000
  00329716    6183735       9516  6183735.000000
  00329778     281774        592   281774.000000
  00329780   32580460      62341 32580460.000000
  00329829    5303320      11715  5303320.000000
  00329835   11349103      22759 11349103.000000
  00329869   20389605      45224 20389605.000000
  00329964   17511118      39060 17511118.000000
  00330025   30267486      67778 30267486.000000
  00330074    7688752      18072  7688752.000000
  00330079    8643268      19871  8643268.000000
  00330101    1085217       2652  1085217.000000
  00330160    3295550        435  3295550.000000
  00330166    1219716       3087  1219716.000000
  00330203   45472799     101827 45472799.000000
  00330294   43937216     101111 43937216.000000
  00330470    8265401      19314  8265401.000000
  00331033   14762891       6817 14762891.000000
  00331082     735147       2024   735147.000000
  00331085   49417976     109815 49417976.000000
  00331129   49077516     104254 49077516.000000
  00331215   11918351      29823 11918351.000000
  00331697    9412751      23188  9412751.000000
  00331710   39725879      93452 39725879.000000
  00331742   44461569     102043 44461569.000000
  00331772    5269852      14552  5269852.000000
  00331804   48546662     112782 48546662.000000
  00331825   44931942     104431 44931942.000000
  00331860   32853549      77389 32853549.000000
  00331875   50640140     114548 50640140.000000
  00331905    3978870      10277  3978870.000000
  00331951    8421683      21911  8421683.000000
  00331975   55084181     102250 55084181.000000
  00332303   14222785      37684 14222785.000000
  00332304   20531137      48179 20531137.000000
  00332720     781060       1098   781060.000000
  00332896    3452685       4882  3452685.000000
  00332915   13663106      21054 13663106.000000
  00332953   15608398      26241 15608398.000000
  00332955    8289893      15006  8289893.000000
  00333181   17780181      32871 17780181.000000
  00333192   18837777      36616 18837777.000000
  00333367   18921305      37976 18921305.000000
  00333380    7440082      15454  7440082.000000
  00333426    6373816      13567  6373816.000000
  00333469   10959684      22568 10959684.000000
  00333487   32504377      63353 32504377.000000
  00333519    7507318      16194  7507318.000000
  00333650   24252263      46091 24252263.000000
  00333707   11058580      22572 11058580.000000
  00333778   32503594      62859 32503594.000000
  00333828   28174231      52382 28174231.000000
  00333853    6711414      13866  6711414.000000
  00333904   14796471      27724 14796471.000000
  00333979   15970337      31652 15970337.000000
  00333994    1686478       4315  1686478.000000
  00334264   16148554      19862 16148554.000000
  00334317   12288137      17645 12288137.000000
  00334350   38073429      37932 38073429.000000
  00334384    3618889       7245  3618889.000000
  00334413   35732998      67531 35732998.000000
  00334443   33277596      62185 33277596.000000
  00334455    1063582       2134  1063582.000000
  00334487   36269994      68117 36269994.000000
  00334564   15330939      27022 15330939.000000
  00334580    2066158       3790  2066158.000000
  00334588   21288957      36664 21288957.000000
  00334637   15529231      27295 15529231.000000
  00334678   13434270      25134 13434270.000000
  00334737   29392816      54864 29392816.000000
  00334779   20963283      35918 20963283.000000
  00334842   12481501      20680 12481501.000000
  00334849   12583365      21913 12583365.000000
  00334878   18901603      34792 18901603.000000
  00334890   14910342      29222 14910342.000000
  00334907   26844927      53480 26844927.000000
  00334960   35697114      68638 35697114.000000
  00334993   35606923      69062 35606923.000000
  00335016    7493010      15930  7493010.000000
  00335022   37545510      73436 37545510.000000
  00335056     455053        989   455053.000000
  00335082     967215        814   967215.000000
  00335083   29695733      58145 29695733.000000
  00335131    8238550      16711  8238550.000000
  00335170   34195043      66241 34195043.000000
  00335177   38015266      72266 38015266.000000
  00335222   36396524      70173 36396524.000000
  00335282   11498770      23169 11498770.000000
  00335290   18529643      36568 18529643.000000
  00336506   13518602      25630 13518602.000000
  00336548   37149806      74664 37149806.000000
  00336567   42996819      90703 42996819.000000
  00336630   47557433      95967 47557433.000000
  00336678   45300611      92692 45300611.000000
  00336719   29743996      64296 29743996.000000
  00336782   44915698      89923 44915698.000000
  00336832   51546183     105897 51546183.000000
  00336852   62769210     129171 62769210.000000
  00336915   41577879      81870 41577879.000000
  00336927   49472574      96600 49472574.000000
  00336944   16156812      36800 16156812.000000
  00336998   17318027      39851 17318027.000000
  00337005   14084829      32829 14084829.000000
  00337052   43968080      87220 43968080.000000
  00337107   43856298      93136 43856298.000000
  00337156    7573059      18167  7573059.000000
  00337176   49928290     105066 49928290.000000
  00337215   48824982     101097 48824982.000000
  00337263   49228933     101884 49228933.000000
  00337335   26020941      58865 26020941.000000
  00337371   23325681      41298 23325681.000000
  00337404   18507223      42924 18507223.000000
  00337451   50957070     107439 50957070.000000
  00337491   33381536      74876 33381536.000000
  00337542   37442503      82448 37442503.000000
  00337662   56554684     118127 56554684.000000
  00337705   51881136     111040 51881136.000000
  00337833   66811944     136021 66811944.000000
  00338183   55240336     117093 55240336.000000
  00338220   65112102     137576 65112102.000000
  00338259   36383019      84914 36383019.000000
  00338263   58438939     126098 58438939.000000
  00338349   52980329     116695 52980329.000000
  00338377   72930462      55987 72930462.000000
  00338480   46285330     102347 46285330.000000
  00338498   39486074      89763 39486074.000000
  00338608   54602184      48509 54602184.000000
  00338675    4748317      12431  4748317.000000
  00338712   55419806     119123 55419806.000000
  00338767   49354010     114284 49354010.000000
  00338834    6208648      15989  6208648.000000
  00338846   56765485     128371 56765485.000000
  00338897   49368861     114256 49368861.000000
  00338933   54049571     115475 54049571.000000
  00338967   13832017      34481 13832017.000000
  00338987   52715800      86784 52715800.000000
  00339037   60101390     139163 60101390.000000
  00339070   55782998     130399 55782998.000000
  00339205   24878736      63528 24878736.000000
  00339346    3898509      11378  3898509.000000
  00339387   45221169     109101 45221169.000000
  00339396   24056985      63906 24056985.000000
  00339435   59187270      95350 59187270.000000
  00339500   19171110      24393 19171110.000000
  00339535   23737905      63521 23737905.000000
  00339562   16140640      40344 16140640.000000
  00339590    4969065       7227  4969065.000000
  00339758   53658985     133485 53658985.000000
  00339849   48102908     113393 48102908.000000
  00339957   68668316     128791 68668316.000000
  00340030   73222893     157391 73222893.000000
  00340072   78709382     171986 78709382.000000
  00340368   41378489     101206 41378489.000000
  00340453   71475531     157752 71475531.000000
    306939      80000      36791    80000.000000
    306940      80000      38460    80000.000000
    306941      80000      37742    80000.000000
    306942      80000      41054    80000.000000
    306943      80000      41320    80000.000000
    306944      80000      39179    80000.000000
    306945      80000      39859    80000.000000
    306946      80000      44612    80000.000000
    306948      80000      44574    80000.000000
    306949      80000      40333    80000.000000
    306952      80000      47434    80000.000000
    306955      80000      47435    80000.000000
    306958      80000      45816    80000.000000
    306959      80000      40449    80000.000000
    306962      80000      49083    80000.000000
    306964      80000      48856    80000.000000
    306966      80000      48395    80000.000000
    306967      80000      40901    80000.000000
    306968      80000      49984    80000.000000
    306970      80000      50067    80000.000000
    306972      80000      49818    80000.000000
    306973      80000      48319    80000.000000
    306974      80000      46298    80000.000000
    306975      80000      47256    80000.000000
    306976      80000      47360    80000.000000
    306977      80000      47210    80000.000000
    306978      80000      48364    80000.000000
    306979      80000      48349    80000.000000
    306980      80000      48165    80000.000000
    306981      80000      48552    80000.000000
    306982      80000      48748    80000.000000
    306983      80000      48922    80000.000000
    307513     380000     219307       74.003867
    308468      80000      43924    80000.000000
    308469      80000      44388    80000.000000
    308496     250000     117641    12643.406190
    308509     250000     125464      482.677506
    308513     250000     144791      207.221598
    308515     250000     125082      206.553769
    308517     250000     149933       97.725271
    308520     250000     144884       98.012128
    308527     250000     123200       48.525257
    308568      80000      40657    80000.000000
    308569      80000      50628    80000.000000
    308570      80000      50596    80000.000000
    308571      80000      40850    80000.000000
    309743      80000      40384    80000.000000
    309744      80000      42060    80000.000000
    309745      80000      40267    80000.000000
    309746      80000      42577    80000.000000
    309747      80000      40837    80000.000000
    309748      80000      42718    80000.000000
    309749      80000      40740    80000.000000
    309750      78000      43184    78000.000000
    309751      80000      42452    80000.000000
    309752      80000      40940    80000.000000
    309753      80000      50550    80000.000000
    309754      80000      50054    80000.000000
    309755      80000      46114    80000.000000
    309756      80000      44191    80000.000000
    309757      80000      42585    80000.000000
    344587     100000      44100   100000.000000
    344588     100000      49081   100000.000000
    344589     100000      53219   100000.000000
    345043    3128000         28  2024792.562129
    345044    3130000     794810  2031508.248796
    345045    3747000      21497   128917.858092
    345053    1999950      13842   350871.296546
    345054    3993700      26814  1112980.505605
    345055    2999950    1205613   228273.335811
    345056    1999700         38   300335.485644
    345057     745000     333190    15079.887724
    345058     499000         13     5685.469866
    345109     999950       3864   175322.797498
    345110    1973800       7576   550434.076685
    345111    2986000    1219331   227213.223127
    345113     739000     335499     4261.708085
    345114     500000          4     5696.843271
    345935   12461000    1015874 9073109023.394775
    363123     436000      10303   446728.509801
    363124     140000       6899   145376.320122
    363125     130000       6635   136518.542289
    363127     158000      49468   226705.671114
    363128     100000      32278   151045.295212
    363129     460000     197801   711118.048894
    363131     980000     493338  1631270.702565
    363132     200000     113802   327872.423652
    363133     100000      59012   167216.608838
    363134      60000      36414   104018.627531
    363135      50000      31280    83084.952125
    363136      50000      31524    84352.236818
    363137       6000       3828    10256.105035
    363138       2000       1320     3355.405086
    363139       2000       1270     3346.902577
    363140       2000       1291     3408.809070
    363141       2000       1391     3251.637551
    363142       2000       1391     3328.316905
    363143       2000       1374     3311.668461
    363144       2000       1447     3217.513040
    363145       2000       1409     3191.694586
    363146       2000       1410     3152.864615
    363147     760000      13287   778696.637071
    363148     260000       9957   270118.907504
    363149     179950       7169   189273.556616
    363150     480000      90980   672117.050074
    363151     359900      89759   516764.592363
    363152     100000      25907   151325.728426
    363153     470000     166303   725839.264255
    363154     250000     100762   396716.191999
    363155     189000      79379   314338.784348
    363156     200000      94408   327180.628572
    363157     100000      48502   167934.570179
    363158      60000      30130   104819.903692
    363159      50000      26022    83537.554247
    363160      60000      31374   101750.572209
    363161      20000      10684    34627.718269
    363162      20000      10944    33511.254151
    363163      19950      11019    33716.220300
    363165      12000       6986    20244.790906
    363166      16000       9154    26800.145712
    363167       1990       1172     3330.191071
    363168       6000       3749     9846.451881
    363170      25970      15815    42272.602131
    363355    5399000         15  3490355.381650
    363356    5400000    1440039  3493067.334428
    363357    5998000         17   555940.206339
    363358   16121000    4004381   759501.696529
    363359   21572000      28830  3227638.928810
    363360   14372000      18908  2149924.584563
    363489   21600000      53796  3383542.840459
    364100    9909000     502796  6693737.228811
    364101    6199000     581277  3576209.472665
    364102    9621000     907749  4966492.606713
    364103    7478000    2164746  2717596.446847
    364104    2494800     843231   902414.369021
    364105    7468600    2551166  2606755.737784
    364106    6244000    2830248  3716021.170611
    364107    3750000    1853029  2491777.660066
    364108   15628900    7891573 10833133.075694
    364109    2460000    1463898  2116546.384079
    364110    1249400     745201  1145984.975559
    364111    2498300    1513974  2344779.043463
    364112    3746500    2350277  3725326.760743
    364113    1250000     828911  1274067.229662
    364114    9998000     389833  6719012.350315
    364115    6240500     453475  3583695.672439
    364116    9992800     732882  5139202.169442
    364117    7384500    1691139  2702655.209947
    364118    2495000     673093   907295.319330
    364119    7492600    2055828  2628718.293706
    364120    6250000    2347456  3744160.056808
    364121    3748000    1532767  2499776.795538
    364122   15662200    6594439 10889156.868337
    364123    1999800     999527  1721809.184565
    364124    1250000     622893  1147074.096441
    364125    2499500    1273119  2343737.994636
    364126    3712000    1945992  3677712.001134
    364127    1249800     699190  1270333.509212
    364128    9998000       8088  6726281.149512
    364129    6137500       9338  3532960.237736
    364130    9994000      16565  5137387.928969
    364131    7498500      44548  2755702.598513
    364132    2499000      17443   903049.705499
    364133    7498800      56200  2628966.314780
    364134    6228000      74711  3734850.538126
    364135    3749900      48200  2500529.893845
    364136    6213000      85108  4324785.165015
    364137    2499000      46168  2155327.639877
    364138    1233900      22010  1133852.680416
    364139    2497200      46867  2343161.416265
    364140    3749600      75468  3723236.229741
    364141    1250000      28360  1272900.203109
    364142    9998000          0  6588202.488415
    364143    7999000          0  4542238.145364
    364144    8000000          1  4013221.160554
    364145   14946000          3  5424392.640331
    364146   14916400          2  5401266.426735
    364147   19945900         28  6966534.897379
    364148   14986600         10  8881579.200987
    364149   12498700         24  8291258.320711
    364150   19959200        144 13846116.522652
    364151    4998800         21  4323752.345317
    364152    3497700         24  3225245.147133
    364153   17981950        396 16911950.978454
    364154    9999500        181  9949077.674943
    364155    5000000        338  5118145.649899
    364156   29191950       2208 19637517.194190
    364157   12272700       3380  7032248.816644
    364158   21695000      13639 13107422.277372
    364159   18620000      10332  6809091.182864
    364160   12459400      16441  4736031.708851
    364161   25118250      79015 10239098.322354
    364162   12264250      15139  7633620.989716
    364163    9355250      23775  6645335.473359
    364164   26385600     165598 19573065.009975
    364165    6228500      16001  5457432.745635
    364166    3747350      14846  3511511.997014
    364167    3746850      33739  3594065.782538
    364168    7498000      42743  7537726.061463
    364169    5000000      51423  5139781.523237
    364170   30822900       2120 20732831.654969
    364171   12486200       3241  7152174.965797
    364172   21848300      11888 13185528.958004
    364173   18480000       9508  6779036.612022
    364174   12402800      14984  4686194.973897
    364175   12355900      35485  5033772.164305
    364176   12479750      14145  7733763.485489
    364177    9373800      22539  6654590.499951
    364178   31859000     184879 23622685.385286
    364179    6007600      14047  5259053.309357
    364180    3743700      13709  3507553.803131
    364181    3693850      31273  3538269.948408
    364182    7494700      39126  7522018.711003
    364183    4944000      46914  5103985.845499
    364184   31030000        149 20937395.455569
    364185   12443600        253  7153489.514357
    364186   21824500        824 13264431.697059
    364187   18721000       1019  6799003.576743
    364188   12389000       1569  4704295.750533
    364189   12477850       3671  5038960.269809
    364190   12479000       1951  7775476.384067
    364191    9373950       2955  6653397.738713
    364192   25593200      18488 19005305.240250
    364193    6238800       2544  5466336.487802
    364194    3729000       2133  3495497.607451
    364195    3742500       4529  3586555.928534
    364196    7495450       7005  7546298.144787
    364197    4989800       9476  5121805.794290
    364254   29945000    3853765 10227700.751442
    364302     318400     107354   319070.951565
    364303     319400          0   320029.084830
    364304     440000        881    96645.751291
    364305     440000        926    96643.769505
    407019     625000      45736        0.021050
    407345    8417500     561802 6063089044.892822
    407346    3728000     245378 2644312277.426575
    407347    2258700     156044 1557247968.562195
    410013    5000000     137340  5000000.000000
    410014    4998000     137031  4998000.000000
    410015     630000     141450   630000.000000
    410016     630000     141076   630000.000000
    410025    1000000       3896        0.002053
    410470   74486000    4982543 54386909894.882568
    410471   24694000       2035 18030921729.398804
    410472   24961000    7449362 18226225741.461304
    410503   19953000    5786337 1535112264.622803
    410642    6238000      23388 230921346.638852
    410643    6250000      25099 138726186.657183
    410644    2498000      10560  5065597.106670
    410645    2500000      11706  3171824.083278
    410646    6243000     172630 236989730.114391
    410647    6250000     167931 237071159.065434
    410648    1250000     279638  4999372.782690
    410649    1249000     279761  4991734.176201
    410654    6249000     154842 229776126.743166
    410655    6250000     148991 234465427.642524
    410656    1230000     245073  4761724.941499
    410657    1250000     245981  4941347.216849
