  00276262   12453880       2172 12453880.000000
  00276329   12972955       4856 12972955.000000
  00276336     635155        248   635155.000000
  00276416    3894134       1825  3894134.000000
  00276511    5988485       3754  5988485.000000
  00276689    5314467       5347  5314467.000000
  00276778     430783        346   430783.000000
  00276790     941878        629   941878.000000
  00276952    3492176       2498  3492176.000000
  00276954     417503        279   417503.000000
  00278880   12771895       9840 12771895.000000
  00278912   10890509       8660 10890509.000000
  00278968    4824560       5697  4824560.000000
  00279169   28681854      27739 28681854.000000
  00279259    3398058       3905  3398058.000000
  00279279    8636581       8583  8636581.000000
  00279284   15698710      15977 15698710.000000
  00279345   23676576      25890 23676576.000000
  00279515      99594        178    99594.000000
  00279598   27836447      33362 27836447.000000
  00279685   31519825      33183 31519825.000000
  00279764    2629946       3749  2629946.000000
  00279813   22465562      23650 22465562.000000
  00279867   11732819      14488 11732819.000000
  00279928     345640        683   345640.000000
  00279932   18498231      22488 18498231.000000
  00279984   33612897      36060 33612897.000000
  00280231   38863293      46809 38863293.000000
  00280273     548271       1118   548271.000000
  00280319   37042230      50911 37042230.000000
  00280368    2814636       5257  2814636.000000
  00280423   26065895      39007 26065895.000000
  00280464   21462402      34811 21462402.000000
  00280500    3409266       3534  3409266.000000
  00280520    6422287       5686  6422287.000000
  00280614    9032451      14085  9032451.000000
  00280673   55904749      69486 55904749.000000
  00280753   14443493      23006 14443493.000000
  00280853    2733592       4279  2733592.000000
  00280862   49250789      62713 49250789.000000
  00280950   47827601      57715 47827601.000000
  00280977   11717261      19160 11717261.000000
  00281070    4408995       6994  4408995.000000
  00281074   15654592      23334 15654592.000000
  00281075     438686        620   438686.000000
  00281317    7857695      13907  7857695.000000
  00281385   37775989      35502 37775989.000000
  00281411   45207147      75752 45207147.000000
  00282625    5485314       4593  5485314.000000
  00282631    9829580      14977  9829580.000000
  00282712   31385769      54219 31385769.000000
  00282784    4046640       1001  4046640.000000
  00282992   35831753      55783 35831753.000000
  00283074   18933386      31174 18933386.000000
  00283155    9752472      17141  9752472.000000
  00283270    4430658       7834  4430658.000000
  00283429   79569604      96171 79569604.000000
  00283608    9606521       7861  9606521.000000
  00283780   46435904      57466 46435904.000000
  00284006   11928929      19520 11928929.000000
  00284154    7437200       3354  7437200.000000
  00284213   63189115      80785 63189115.000000
  00284285   76835679     112063 76835679.000000
  00284420   18187501      31314 18187501.000000
  00284427   10995023      19685 10995023.000000
  00284484   31754768      44996 31754768.000000
  00297730   14666349       1161 14666349.000000
  00298595    3133859        322  3133859.000000
  00298609    6288037        623  6288037.000000
  00298633   13229931       1602 13229931.000000
  00298687   17971981       7206 17971981.000000
  00298690    1258445        594  1258445.000000
  00298771    7061356       3631  7061356.000000
  00298773    6837614       3015  6837614.000000
  00298862   20220154       8118 20220154.000000
  00298967   27997456      19832 27997456.000000
  00299055   23880448      15426 23880448.000000
  00299144   14319022       9753 14319022.000000
  00299147   13938967       8256 13938967.000000
  00299184   35490989      32588 35490989.000000
  00299243    3304691       1993  3304691.000000
  00299584   83821946      64151 83821946.000000
  00300279    3660041       1990  3660041.000000
  00300345    1396892       2409  1396892.000000
  00300415   30260605      35998 30260605.000000
  00300418    1026746       2837  1026746.000000
  00300487   28433227      44831 28433227.000000
  00300540   37395409      71825 37395409.000000
  00300571   28876747      65505 28876747.000000
  00300600   10395148      27043 10395148.000000
  00300655   38976996     109587 38976996.000000
  00300687   58638253     134930 58638253.000000
  00300784    1241726       4347  1241726.000000
  00300800   48096930     126585 48096930.000000
  00300863   59049884     128499 59049884.000000
  00300908   35726539      85511 35726539.000000
  00301912    2526693       2969  2526693.000000
  00301915    1450964       1568  1450964.000000
  00301918    8233214       7067  8233214.000000
  00301932   82481432     140531 82481432.000000
  00301973  100108843     172750 100108843.000000
  00302053   78400574     168763 78400574.000000
  00302137   39832205      92488 39832205.000000
  00302265   20774509      50179 20774509.000000
  00302269   11340155      20488 11340155.000000
  00302300   83588612     125055 83588612.000000
  00302347   39072724      91583 39072724.000000
  00302380   21222052      56724 21222052.000000
  00302391   28142740      69526 28142740.000000
  00302393  106733895     183328 106733895.000000
  00302737   16786522      54588 16786522.000000
  00302831    5555894       4586  5555894.000000
  00302872  131571245     243529 131571245.000000
  00302919   10884376      32156 10884376.000000
  00302925   20417664      46306 20417664.000000
  00302956   52494980     128168 52494980.000000
  00303007    2350962       9215  2350962.000000
  00303079   15170741      49441 15170741.000000
  00303201   14596310      54715 14596310.000000
  00303208   87008115     211362 87008115.000000
  00303264    5633196      20262  5633196.000000
  00303266   44062599     111557 44062599.000000
  00303291   26505956      78166 26505956.000000
  00303304   80740573     176769 80740573.000000
  00303338   90782421     189061 90782421.000000
  00303421   76648956     185420 76648956.000000
  00303499   70224175     141037 70224175.000000
  00303560   48916019     125996 48916019.000000
  00303638   74335806     161578 74335806.000000
  00303832   13919593      25293 13919593.000000
  00303846   71077917     166514 71077917.000000
  00303892   65779677     155252 65779677.000000
  00303943   60342124     164375 60342124.000000
  00304006   20930523      76266 20930523.000000
  00304008   63847243     173278 63847243.000000
  00304128   71422463     198017 71422463.000000
  00304178   53579736     152937 53579736.000000
  00304198   20173266      68024 20173266.000000
  00304211   16052307      52770 16052307.000000
  00304243   43859826     114094 43859826.000000
  00304308    3755004      14543  3755004.000000
  00304337   51425359     151574 51425359.000000
  00304409   13470958      52545 13470958.000000
  00304431   18955902      72863 18955902.000000
  00304494    7892600      32929  7892600.000000
  00305380   39218593     127223 39218593.000000
  00305543   34208100      49043 34208100.000000
  00305571    3553268       7806  3553268.000000
  00305618   36949727      98671 36949727.000000
  00305671    3260271      12126  3260271.000000
  00305674    2311425       8540  2311425.000000
  00305723   33307013      95124 33307013.000000
  00305727    8430939      17617  8430939.000000
  00305735   14849764      45233 14849764.000000
  00305777   39042835     103923 39042835.000000
  00305811   31880840      88804 31880840.000000
  00305920   30350299      85929 30350299.000000
  00306269   18416059      58035 18416059.000000
  00306278   46710498     121767 46710498.000000
  00306310   48415395     115788 48415395.000000
  00306384   26323954      65759 26323954.000000
  00306419   10910235      38208 10910235.000000
  00306442    3953031      13817  3953031.000000
  00306448   12095541      37857 12095541.000000
  00306451   38956733     106226 38956733.000000
  00307126    6678358       9486  6678358.000000
  00307195   24745704      78119 24745704.000000
  00307259   47891034     102291 47891034.000000
  00307306   21648529      68866 21648529.000000
  00307354    9815758      33160  9815758.000000
  00307358   46725678     125395 46725678.000000
  00307394   44002449     114314 44002449.000000
  00307454   60677930     156997 60677930.000000
  00307514   23130069      73921 23130069.000000
  00307539    9105245      31966  9105245.000000
  00307569   40510230     107167 40510230.000000
  00307601   36485000     108124 36485000.000000
  00307619    8266961      26680  8266961.000000
  00307656   56443850     139530 56443850.000000
  00307710   10467936      37256 10467936.000000
  00307716   27266528      87705 27266528.000000
  00307732   69443419     171231 69443419.000000
  00307861   36073657     100411 36073657.000000
  00307935   52828779     135352 52828779.000000
  00308047   62119233     146112 62119233.000000
  00308084   44248093     113806 44248093.000000
  00309375   12655194      19388 12655194.000000
  00309390   50733479      83672 50733479.000000
  00309440   58970492     150695 58970492.000000
  00309516   48003561     136921 48003561.000000
  00309640   49249481     132154 49249481.000000
  00309674   44280492     119250 44280492.000000
  00309759   46515816     119177 46515816.000000
  00310015    2038023       1139  2038023.000000
  00310247    4365774      19911  4365774.000000
  00310249   58443043     148814 58443043.000000
  00310341   56570797     148529 56570797.000000
  00310370    4488643       9778  4488643.000000
  00310405   23313314      70291 23313314.000000
  00310468   19758243      66544 19758243.000000
  00310473   28671695      98113 28671695.000000
  00310634   72039752     184597 72039752.000000
  00310691   42630088     134456 42630088.000000
  00310738   57060346     152901 57060346.000000
  00310809   60744067     136640 60744067.000000
  00310863   15594412      61898 15594412.000000
  00310872   23911752      76544 23911752.000000
  00310969   25016508      58624 25016508.000000
  00311071   28475101      82561 28475101.000000
  00311170   48889697     114266 48889697.000000
  00311244   31614680     100477 31614680.000000
  00311287   47627258     130158 47627258.000000
  00311321   47805002     121181 47805002.000000
  00311365   38041073     110776 38041073.000000
  00311402   42759462     120590 42759462.000000
  00311473   12437510      34696 12437510.000000
  00311481   44043715     117176 44043715.000000
    302343      50000      10839    50000.000000
    302346      50000      12410    50000.000000
    302356      30000       8092    30000.000000
    302357      50000      13661    50000.000000
    302359      50000      13852    50000.000000
    302361      50000      14134    50000.000000
    302362      50000      14369    50000.000000
    302363      50000      14227    50000.000000
    302365      50000      14393    50000.000000
    302393      50000       3451    50000.000000
    302396      50000       5559    50000.000000
    302407      50000       9028    50000.000000
    302409      50000       9919    50000.000000
    302412      50000      11730    50000.000000
    302413      50000      13540    50000.000000
    302415      50000      16377    50000.000000
    302418      50000      44715    50000.000000
    302431      50000      49257    50000.000000
    302432      50000      49273    50000.000000
    302434      50000      49413    50000.000000
    302436      50000      49464    50000.000000
    302437      50000      49504    50000.000000
    302438      50000      49525    50000.000000
    302440      50000      49544    50000.000000
    304014     200000      15644   200000.000000
    307380      50000        495    50000.000000
    309758      50000      26063    50000.000000
    309759      50000      35237    50000.000000
    309760      50000      40704    50000.000000
    309761      50000      44331    50000.000000
    309762      50000      45902    50000.000000
    341733     400000       2070   400000.000000
    341736     400000      41277   400000.000000
    341738     400000      66060   400000.000000
    341741     400000     369880   400000.000000
    341743     400000     388681   400000.000000
    342282    2000000       2089 60391328.683380
    342283     300000       1117  1148415.944253
    342286     100000         17    41325.128543
    342287     100000         32    -3350.881486
    343024     400000      25443   400000.000000
    343038     400000      45996   400000.000000
    343051     400000     340916   400000.000000
    343365    4995000     189471   240945.409774
    343366    4980000     379858  2279007.479431
    343367    5000000      92472  2290458.080668
    343504     400000        752     7093.357359
    343518     400000      24946      154.498690
    343524     400000      40751       22.987737
    343534     396000      64452        0.279546
    343536     400000      23764     7093.080008
    343556     400000     367352       22.985886
    343566     400000     385431        0.281964
    345038     473100       1785   359998.100631
    345039     250000        776   215515.156476
    345040     250000        592   135020.588036
    345043    2500000     139756  1619521.979718
    345044    2499900       7085  1615796.350956
    345045    3000000      50883   103008.008756
    345053    1999900     176260   350906.073237
    345054    3929950     364034  1095288.431198
    345055    2999000      69240   228235.974688
    345056    2000000     917005   300453.345575
    345057     750000       9136     4340.116968
    345058     500000     172910     5693.437834
    345109     999000      97750   175417.677932
    345110    1998950     203498   556696.538937
    345111    3000000      78000   228307.496510
    345112    1999950     981695   300445.684532
    345113     750000      10078     4340.116968
    345114     500000       6612     2928.014584
    345342    4996000       2574 141402371.703423
    345935    9993000    1486030 7276961839.724609
    345951    7980000     131517 5818516273.980347
    346031    4976000     344050 3581783169.905640
    361020   16000000         14 16000000.000000
    361021   15998000        124 578667971.513764
    361022   15989500       1942 477269859.421591
    361023   15879500      43633 582209277.492138
    361024   15925500     371362 402892989.908120
    361025   15993500    1416946 252804995.858614
    361026   17834000    3052435 180202842.931970
    361027   15983000    4795573 453391365.645405
    361028   15999000    5899203 15999000.000000
    361029   13995500    6730162 13995500.000000
    361030   13985000    8089640 13985000.000000
    361031   15918000   10480758 15918000.000000
    361032   15995600   11498158 15995600.000000
    363123    1948000          2  1995924.735010
    363124     572500          2   594344.727569
    363125     500000          0   525314.483003
    363126    1978900        848  2766897.519832
    363127    1002900        354  1439961.856476
    363128     391940         81   593381.127759
    363129    1960000      10821  3030663.918382
    363130     979900       3830  1557632.727503
    363131     777420       2293  1293155.255842
    363132     789000       7686  1291766.123406
    363133     397000       2989   665844.701927
    363134     233000       1505   404648.759004
    363135     196000       1925   326570.491330
    363136     201000       1698   339549.865476
    363137      24000        187    41479.064995
    363138       5000         46     8331.760286
    363139       5000         42     8347.539624
    363140      54500        415    92852.435483
    363141      54500        370    90565.694611
    363142      51000        371    84349.967721
    363143      51000        393    84922.384609
    363144      21000        142    33919.265728
    363145      21000        114    33393.244605
    363146      21000        153    33401.957618
    363147    3000000         11  3073992.674017
    363148     999900          5  1039075.787541
    363149     717950          2   755012.805906
    363150    1930800         59  2703609.295114
    363151    1483400         44  2131800.966258
    363152     393280         20   595102.933647
    363153    1970000         74  3042944.620844
    363154     984350         45  1562741.298224
    363155     779860         82  1295632.439875
    363156     791000         55  1294638.105396
    363157     394000         47   661388.570252
    363158     234000        108   407508.425592
    363159     197000         25   328213.626199
    363160     200000         70   338422.006324
    363161      68000         91   117423.673118
    363162      49900         19    83974.599744
    363163      50000         39    84457.152597
    363164      50000        118    85654.137221
    363165      50000         30    84327.687295
    363166      50000         63    83502.097805
    363168      20000         58    33323.535893
    363169      40000        175    65553.133378
    363355    5400000     353266  3496611.893688
    363356    5400000      18187  3493297.569607
    363357    6000000     480287   559370.390577
    363358    5400000      23805   254404.249829
    363359    7194000      87800  1076338.136888
    363360    7188000     111482  1080428.409369
    363489    7180000     133980  1124496.066960
    364100    7970000         43  5372476.068545
    364101    4982000         35  2871991.426144
    364102    7983000         38  4120985.337338
    364103    5983000       3765  2166490.441836
    364104    1996800       1195   732465.502558
    364105    5981600       2864  2082263.968592
    364106    5000000      40222  2974012.067162
    364107    3000000      20430  1991088.330737
    364108   12458900      67816  8646674.040882
    364109    2000000      25390  1728411.311601
    364110     999600      11269   918652.623890
    364111    1999400      19486  1880442.932102
    364112    2996500      34425  2980513.214441
    364113     997000      10925  1017049.293507
    364114    8000000         72  5374833.016751
    364115    4999000         64  2872880.276420
    364116    7995600         98  4110178.060185
    364117    5956000        337  2175375.417021
    364118    1999200        125   724681.699915
    364119    3980000        359  1383476.912885
    364120    5000000        405  2996565.619117
    364121    3000000        312  2001395.901331
    364122   12439600       2326  8626709.418258
    364123    1999800        333  1723396.105726
    364124     999900        254   918309.624933
    364125    1999850       1259  1875662.690188
    364126    2999000       2398  2968474.179291
    364127    1000000       2820  1016520.833289
    364128    7986000        236  5376034.859371
    364129    4979000        188  2869441.986585
    364130    7995800        275  4114442.115225
    364131    5997500       5455  2190964.013229
    364132    1999200       1807   731614.169086
    364133    5969550       4782  2090757.190214
    364134    3335000      67490  1998253.120298
    364135    3000000      52428  2001155.352105
    364136    4992950      73873  3472626.201425
    364137    2000000     147700  1678900.332077
    364138    1000000      58594   918259.650128
    364139    1983950     104698  1860875.964687
    364140    2999800     281580  2978478.474718
    364141    1000000     141835  1018271.294646
    364142    9999000        233  6606908.796466
    364143    7934000        321  4500386.876761
    364144    7944000        266  4009527.165899
    364145   13701000     123831  4922339.229978
    364146   14289800     138741  5177662.739376
    364147   19355500     159843  6780165.053227
    364148   14432800    2692875  8555269.463128
    364149   12390500    2112958  8219434.184841
    364150   20040300    2976739 13899800.966161
    364151    4996400    1929425  4314160.951065
    364152    3315500    1133581  3054699.028248
    364153    8862350    2827916  8329870.935002
    364154   10000000    4120288  9942935.757778
    364155    5000000    2512863  5127586.583328
    364156   24966000        176 16783367.715215
    364157    9993000        136  5726997.700749
    364158   17485200        287 10559843.078789
    364159   14964000      26202  5482207.913206
    364160    9975200      15488  3739738.716532
    364161   19915000      38514  8101688.300631
    364162   10000000     262510  6228867.748728
    364163    7500000     147222  5326023.971313
    364164   25000000     581833 18531580.763148
    364165    4999000     237333  4376833.834797
    364166    2989000     113352  2813148.816153
    364167    2939500     128290  2816636.726889
    364168    5997500     304869  6029336.825471
    364169    3998000     246327  4108152.135787
    364170   24997000       1870 16788422.983434
    364171    9910500        949  5679456.922067
    364172   17482400       2029 10553785.923034
    364173   14815500      27735  5415989.611953
    364174    9940400      16002  3760767.332419
    364175    9895900      19762  4017769.488745
    364176   10000000     222405  6234702.265768
    364177    7498000     118882  5326066.176417
    364178   24860800     464264 18433491.262350
    364179    4998800     217973  4378414.323111
    364180    1999400      64901  1874911.561009
    364181    2998000     112493  2873526.187812
    364182    5998600     277276  6085450.809472
    364183    3999000     250957  4129139.921382
    364184   16641000        537 11230259.354064
    364185    9994600        453  5745345.396940
    364186   17483200        956 10626861.126148
    364187    9999500      39278  3658450.277902
    364188    9999000      35731  3772484.908089
    364189    9999000      41105  4026450.520807
    364190    9970000     854182  6210472.182204
    364191    7500000     492091  5315025.007563
    364192   24999900    1722969 18537130.784175
    364193    4999200    1015951  4382337.211932
    364194    2998400     476261  2811523.162085
    364195    1999100     321747  1915294.756830
    364196    5960000    1312052  5998107.731048
    364197    4000000    1179633  4113124.759368
    364222    3846200    3785561  2709175.811276
    364223    1998300    1966008  1470550.684253
    364254   14996000     210572  5114801.434128
    364302     249000        658   249522.962256
    364303     248600      17802   249084.155900
    364304     328000       3947    72043.114539
    364305     350000       4237    76879.554767
    366010    4825000      32506  2155622.556988
    366011    3303000     304074  1778711.816412
    366012     240000      49691   199995.464799
    366013      73000      19333    70212.715736
    366014     298000     170809   193480.494529
    366015     270000     202405   230566.832343
    366016      87000      67565    83375.697994
    366017     369000     351874   305714.466542
    407019     500000     197745        0.016845
    407345   16733700    6988919 12053708643.992371
    407346    3006020    1312448 2132460458.350525
    407347    1988600     874512 1370975733.338989
    410011    3335000      49543        0.145908
    410012    4998000      62569        0.128906
    410013    5000000      95886  5000000.000000
    410014    4968000      95852  4968000.000000
    410015     500000       6758   500000.000000
    410016     500000       6893   500000.000000
    410017    3000000      40669        0.121086
    410018    3000000      40287        0.133453
    410019    2000000      22389        0.047528
    410020    2000000      22198        0.052895
    410025    1000000      19779        0.002053
    410026    1000000      16070        0.001262
    410047    4910000      59997  4583982.000000
    410062    4998000      71983        0.162245
    410063    5000000      72234        0.162189
    410080     200000      15808   200000.000000
    410081      50000       3164    50000.000000
    410099    5000000      86328        0.175260
    410100    5000000      85003        0.167399
    410102    4999000      85138        0.167287
    410107    1000000      17335        0.002081
    410108    1000000      17691        0.002035
    410109    1000000      14141        0.001279
    410110    1000000      14409        0.001252
    410145     982000      11666   980428.000000
    410146     982000      11921   980382.000000
    410147    4900000      76630  4891874.000000
    410148    4905000      77590  4896850.000000
    410155    7497000     306303  4110680.752182
    410156    1500000     388449   232491.180384
    410157    3000000     117987  1583158.620036
    410218    1410000       5438    52012.904245
    410219    1410000       6068    52021.837779
    410220     935000      48269    34220.875033
    410249    9993000      13977  2753125.731669
    410470   59998000    2296258 43808539085.510132
    410471   19994000      49118 14599590131.244751
    410472   39974000     610477 29187952481.766968
    410480   59930000    2310039 43757089221.828491
    410482   19996000     335254 14600259792.086182
    410501   59993000    1946494 43804890053.853027
    410503   19999000     302704 1538562845.940018
    410557   19990000     750941 14595979569.366333
    410558    9966000     160926 7277013467.377686
    410560    1000000      46237       43.743735
    410642    4994000      83535 184898334.133519
    410643    4975500      69540 110439966.850675
    410644    2000000      41225  4056368.955808
    410645    2000000      33796  2537965.303388
    410646    4996000      95198 189644620.315369
    410647    4999000      95024 189607897.911964
    410648    1000000      12787  3999056.462175
    410649    1000000      12529  3996367.691262
    410654    4969000      70908 182902017.732512
    410655    4974000      72864 186527930.974462
    410656    1000000       9098  3878386.019267
    410657    1000000       9295  3957806.055004
    410658    4790500      72450 177371127.734142
    410659    4761500      60494 105687644.473091
