  00325713   24091770      27117 24091770.000000
  00325790   12840594      14471 12840594.000000
  00326439     638754         27   638754.000000
  00326446   10150104      26077 10150104.000000
  00326468    3057231       1369  3057231.000000
  00326551   25908163      55917 25908163.000000
  00326657   14485491      32217 14485491.000000
  00326695   24289480      45664 24289480.000000
  00326834   39562547      70688 39562547.000000
  00326870   10246939      23601 10246939.000000
  00326923   25311276      57295 25311276.000000
  00326945   28890748      63072 28890748.000000
  00327057   36583679      90494 36583679.000000
  00327103    9718965      36842  9718965.000000
  00327265   42814259     124781 42814259.000000
  00327342   57420012     165142 57420012.000000
  00327490   43234714     123281 43234714.000000
  00327582    2898440      13416  2898440.000000
  00327636   21103653      66380 21103653.000000
  00327662   31800092     100954 31800092.000000
  00327745    8469105      34285  8469105.000000
  00327761     441993       2296   441993.000000
  00327764   51856905     153776 51856905.000000
  00327860    6589729      24747  6589729.000000
  00327862   25699812      76112 25699812.000000
  00328042   26946068      78475 26946068.000000
  00328099   43615474     132230 43615474.000000
  00328221    8347942      29261  8347942.000000
  00328263   41360677     135569 41360677.000000
  00328333   25530544      88768 25530544.000000
  00328374    1081381       4051  1081381.000000
  00328393   18313761      68002 18313761.000000
  00329716    6183735      14350  6183735.000000
  00329778     281774        943   281774.000000
  00329780   32580460      91266 32580460.000000
  00329829    5303320      19319  5303320.000000
  00329835   11349103      37050 11349103.000000
  00329869   20389605      69960 20389605.000000
  00329964   17511118      61548 17511118.000000
  00330025   30267486     106487 30267486.000000
  00330074    7688752      29795  7688752.000000
  00330079    8643268      34205  8643268.000000
  00330101    1085217       4700  1085217.000000
  00330160    3295550        746  3295550.000000
  00330166    1219716       4848  1219716.000000
  00330203   45472799     147042 45472799.000000
  00330294   43937216     145572 43937216.000000
  00330470    8265401      33636  8265401.000000
  00331033   14762891      11880 14762891.000000
  00331082     735147       3668   735147.000000
  00331085   49417976     159224 49417976.000000
  00331129   49077516     150543 49077516.000000
  00331215   11918351      49649 11918351.000000
  00331239   47121407          0 47121407.000000
  00331697    9412751      37172  9412751.000000
  00331710   39725879     141315 39725879.000000
  00331742   44461569     146298 44461569.000000
  00331772    5269852      25780  5269852.000000
  00331804   48546662     166996 48546662.000000
  00331825   44931942     152393 44931942.000000
  00331860   32853549     114948 32853549.000000
  00331875   50640140     168098 50640140.000000
  00331905    3978870      17205  3978870.000000
  00331951    8421683      38244  8421683.000000
  00331975   55084181     158702 55084181.000000
  00332303   14222785      69474 14222785.000000
  00332304   20531137      71200 20531137.000000
  00332720     781060       1503   781060.000000
  00332896    3452685       6815  3452685.000000
  00332915   13663106      29599 13663106.000000
  00332953   15608398      36473 15608398.000000
  00332955    8289893      21624  8289893.000000
  00333181   17780181      44335 17780181.000000
  00333192   18837777      52016 18837777.000000
  00333367   18921305      52371 18921305.000000
  00333380    7440082      22597  7440082.000000
  00333426    6373816      19735  6373816.000000
  00333469   10959684      32357 10959684.000000
  00333487   32504377      84399 32504377.000000
  00333519    7507318      23207  7507318.000000
  00333650   24252263      61412 24252263.000000
  00333707   11058580      31184 11058580.000000
  00333778   32503594      81123 32503594.000000
  00333828   28174231      65749 28174231.000000
  00333853    6711414      18504  6711414.000000
  00333904   14796471      41662 14796471.000000
  00333979   15970337      41447 15970337.000000
  00333994    1686478       7129  1686478.000000
  00334264   16148554      26588 16148554.000000
  00334317   12288137      26481 12288137.000000
  00334350   38073429      53508 38073429.000000
  00334384    3618889      10717  3618889.000000
  00334413   35732998      88588 35732998.000000
  00334443   33277596      82480 33277596.000000
  00334455    1063582       3368  1063582.000000
  00334487   36269994      89410 36269994.000000
  00334564   15330939      36915 15330939.000000
  00334580    2066158       5910  2066158.000000
  00334588   21288957      49747 21288957.000000
  00334637   15529231      37326 15529231.000000
  00334678   13434270      34036 13434270.000000
  00334737   29392816      73669 29392816.000000
  00334779   20963283      48716 20963283.000000
  00334842   12481501      26238 12481501.000000
  00334849   12583365      28253 12583365.000000
  00334878   18901603      43073 18901603.000000
  00334890   14910342      37948 14910342.000000
  00334907   26844927      67987 26844927.000000
  00334960   35697114      85239 35697114.000000
  00334993   35606923      87873 35606923.000000
  00335016    7493010      21299  7493010.000000
  00335022   37545510      92311 37545510.000000
  00335056     455053       1630   455053.000000
  00335082     967215       1160   967215.000000
  00335083   29695733      73575 29695733.000000
  00335131    8238550      21670  8238550.000000
  00335170   34195043      82071 34195043.000000
  00335177   38015266      90911 38015266.000000
  00335222   36396524      88017 36396524.000000
  00335282   11498770      30030 11498770.000000
  00335290   18529643      46389 18529643.000000
  00336506   13518602      35377 13518602.000000
  00336548   37149806      95078 37149806.000000
  00336567   42996819     121527 42996819.000000
  00336630   47557433     131446 47557433.000000
  00336678   45300611     129298 45300611.000000
  00336719   29743996      94217 29743996.000000
  00336782   44915698     118957 44915698.000000
  00336832   51546183     152916 51546183.000000
  00336852   62769210     200708 62769210.000000
  00336915   41577879     106385 41577879.000000
  00336927   49472574     129020 49472574.000000
  00336944   16156812      62923 16156812.000000
  00336998   17318027      66753 17318027.000000
  00337005   14084829      59612 14084829.000000
  00337052   43968080     130997 43968080.000000
  00337107   43856298     154890 43856298.000000
  00337156    7573059      44778  7573059.000000
  00337176   49928290     181238 49928290.000000
  00337215   48824982     169533 48824982.000000
  00337263   49228933     158522 49228933.000000
  00337335   26020941     109482 26020941.000000
  00337371   23325681      65698 23325681.000000
  00337404   18507223      92005 18507223.000000
  00337451   50957070     178769 50957070.000000
  00337491   33381536     138939 33381536.000000
  00337542   37442503     145850 37442503.000000
  00337662   56554684     199476 56554684.000000
  00337705   51881136     188537 51881136.000000
  00337833   66811944     221732 66811944.000000
  00338183   55240336     195813 55240336.000000
  00338220   65112102     237991 65112102.000000
  00338259   36383019     173266 36383019.000000
  00338263   58438939     220892 58438939.000000
  00338349   52980329     211645 52980329.000000
  00338377   72930462      74541 72930462.000000
  00338480   46285330     197051 46285330.000000
  00338498   39486074     178623 39486074.000000
  00338608   54602184      97214 54602184.000000
  00338675    4748317      29575  4748317.000000
  00338712   55419806     216934 55419806.000000
  00338767   49354010     207411 49354010.000000
  00338834    6208648      37975  6208648.000000
  00338846   56765485     227404 56765485.000000
  00338897   49368861     219200 49368861.000000
  00338933   54049571     200288 54049571.000000
  00338967   13832017      80069 13832017.000000
  00338987   52715800     154597 52715800.000000
  00339037   60101390     207049 60101390.000000
  00339070   55782998     192793 55782998.000000
  00339205   24878736     103690 24878736.000000
  00339346    3898509      20818  3898509.000000
  00339387   45221169     164169 45221169.000000
  00339396   24056985     107616 24056985.000000
  00339435   59187270     153001 59187270.000000
  00339500   19171110      43007 19171110.000000
  00339535   23737905     111705 23737905.000000
  00339562   16140640      74978 16140640.000000
  00339590    4969065      13946  4969065.000000
  00339758   53658985     207179 53658985.000000
  00339849   48102908     180331 48102908.000000
  00339957   68668316     181265 68668316.000000
  00340030   73222893     231984 73222893.000000
  00340072   78709382     247898 78709382.000000
  00340368   41378489     158339 41378489.000000
  00340453   71475531     226367 71475531.000000
    309758      50000      26038    50000.000000
    309759      50000      35273    50000.000000
    309760      50000      40663    50000.000000
    309761      50000      44377    50000.000000
    309762      50000      45908    50000.000000
    345043    3128000     185763  2024792.562129
    345044    3130000      10461  2031508.248796
    345045    3747000      68880   128917.858092
    345053    1999950     184326   350871.296546
    345054    3993700     388084  1112980.505605
    345055    2999950      74864   228273.335811
    345056    1999700     930776   300335.485644
    345057     745000       9983    15079.887724
    345058     499000     177415     5685.469866
    345109     999950     101916   175322.797498
    345110    1973800     210326   550434.076685
    345114     500000     195340     5696.843271
    345935   12491000    1955191 9094952177.419922
    345951    9941000     181007 7248574569.245239
    346031    6229600     477827 4484859385.999634
    361020   15987000        611 15987000.000000
    361021   15997000       1824 577553062.777025
    361022   15981000       6246 476948347.406826
    361023   15878500      53838 583437869.796966
    361024   15974500     377730 404454482.746888
    361025   15991500    1390137 253031694.662278
    361026   17880400    2936757 180736855.704364
    361027   15116500    4289648 427588605.695121
    361028   15987000    5564268 15987000.000000
    361029   14511500    6589296 14511500.000000
    361030   15988000    8740150 15988000.000000
    361031   15953000    9947807 15953000.000000
    361032   15640000   10669674 15640000.000000
    363123     436000         11   446728.509801
    363124     140000          1   145376.320122
    363125     130000          2   136518.542289
    363126     470000        320   657124.818211
    363127     158000         73   226705.671114
    363128     100000         33   151045.295212
    363129     460000       2794   711118.048894
    363130     240000       1006   381193.360031
    363131     980000       3129  1631270.702565
    363132     200000       2084   327872.423652
    363133     100000        834   167216.608838
    363134      60000        365   104018.627531
    363135      50000        536    83084.952125
    363136      50000        448    84352.236818
    363137       6000         55    10256.105035
    363138       2000         12     3355.405086
    363139       2000         15     3346.902577
    363140       2000         20     3408.809070
    363141       2000         25     3251.637551
    363142       2000          8     3328.316905
    363143       2000         14     3311.668461
    363144       2000         11     3217.513040
    363145       2000         16     3191.694586
    363146       2000         23     3152.864615
    363147     760000          9   778696.637071
    363148     260000          3   270118.907504
    363149     179950          4   189273.556616
    363150     480000         33   672117.050074
    363151     359900         31   516764.592363
    363152     100000         14   151325.728426
    363153     470000         35   725839.264255
    363154     250000         17   396716.191999
    363155     978940        160  1628161.175037
    363156     200000         23   327180.628572
    363157     100000         20   167934.570179
    363158      60000         37   104819.903692
    363159      50000         12    83537.554247
    363160      60000         25   101750.572209
    363161      20000         29    34627.718269
    363162      20000         10    33511.254151
    363163      19950         21    33716.220300
    363165      12000         14    20244.790906
    363166      16000         23    26800.145712
    363167       1990          5     3330.191071
    363168       6000         19     9846.451881
    363170      25970        184    42272.602131
    363355    5399000     373056  3490355.381650
    363356    5400000      20916  3493067.334428
    363357    5998000     503936   555940.206339
    363358   16121000      79767   759501.696529
    363359   21572000     298799  3227638.928810
    363360   14372000     245500  2149924.584563
    363489   21600000     441403  3383542.840459
    364100    9909000        303  6693737.228811
    364101    6199000        221  3576209.472665
    364102    9621000        313  4966492.606713
    364103    7478000       7914  2717596.446847
    364104    2494800       2397   902414.369021
    364105    7468600       5598  2606755.737784
    364106    6244000      58073  3716021.170611
    364107    3750000      29319  2491777.660066
    364108   15628900      97986 10833133.075694
    364109    2460000      33244  2116546.384079
    364110    1249400      14814  1145984.975559
    364111    2498300      26582  2344779.043463
    364112    3746500      46575  3725326.760743
    364113    1250000      14643  1274067.229662
    364114    9998000        641  6719012.350315
    364115    6240500        456  3583695.672439
    364116    9992800        779  5139202.169442
    364117    7384500       1471  2702655.209947
    364118    2495000        490   907295.319330
    364119    7492600       1898  2628718.293706
    364120    6250000       1326  3744160.056808
    364121    3748000        898  2499776.795538
    364122   15662200       6065 10889156.868337
    364123    1999800        648  1721809.184565
    364124    1250000        534  1147074.096441
    364125    2499500       2154  2343737.994636
    364126    3712000       3716  3677712.001134
    364127    1249800       3740  1270333.509212
    364128    9998000       1425  6726281.149512
    364129    6137500       1054  3532960.237736
    364130    9994000       1625  5137387.928969
    364131    7498500      12547  2755702.598513
    364132    2499000       4237   903049.705499
    364133    7498800      10872  2628966.314780
    364134    6228000     145562  3734850.538126
    364135    3749900      74384  2500529.893845
    364136    6213000     107695  4324785.165015
    364137    2499000     191120  2155327.639877
    364138    1233900      76140  1133852.680416
    364139    2497200     138908  2343161.416265
    364140    3749600     364133  3723236.229741
    364141    1000000     143988  1018379.424535
    364142    9998000       1427  6588202.488415
    364143    7999000       1816  4542238.145364
    364144    8000000       1539  4013221.160554
    364145   14946000     203058  5424392.640331
    364146   29802800     425359 10791458.439393
    364147   19975900     243245  6977188.537946
    364148   14986600    3020590  8881579.200987
    364149   12498700    2290863  8291258.320711
    364150   19989200    3209911 13866756.715904
    364151    4998800    1954458  4323752.345317
    364152    3497700    1213317  3225245.147133
    364153   17981950    5842666 16911950.978454
    364154    9999500    4159438  9949077.674943
    364155    5000000    2519467  5118145.649899
    364156   29191950       1752 19637517.194190
    364157   12272700        874  7032248.816644
    364158   21695000       1826 13107422.277372
    364159   18620000      54497  6809091.182864
    364160   12459400      31043  4736031.708851
    364161   25148250      77347 10251557.926743
    364162   12324250     373452  7671069.993161
    364163    9355250     211181  6645335.473359
    364164   26415600     701789 19595421.329192
    364165    6228500     315980  5457432.745635
    364166    3747350     152947  3511511.997014
    364167    3746850     175453  3594065.782538
    364168    7498000     404028  7537726.061463
    364169    5000000     325163  5139781.523237
    364170   30822900      11788 20732831.654969
    364171   12486200       5442  7152174.965797
    364172   21848300      10973 13185528.958004
    364173   18480000      62426  6779036.612022
    364174   12402800      35116  4686194.973897
    364175   12355900      42965  5033772.164305
    364176   12479750     324613  7733763.485489
    364177    9373800     175770  6654590.499951
    364178   31859000     702923 23622685.385286
    364179    6007600     281737  5259053.309357
    364180    3743700     132416  3507553.803131
    364181    3693850     151244  3538269.948408
    364182    7494700     370431  7522018.711003
    364183    4944000     324978  5103985.845499
    364184   31110000       5343 20991167.738533
    364185   12443600       2869  7153489.514357
    364186   21824500       5351 13264431.697059
    364187   18721000     118416  6799003.576743
    364188   12389000      70408  4704295.750533
    364189   12477850      80238  5038960.269809
    364190   12479000    1169171  7775476.384067
    364191    9373950     674725  6653397.738713
    364192   25593200    1930277 19005305.240250
    364193    6238800    1298482  5466336.487802
    364194    3729000     609378  3495497.607451
    364195    3742500     619076  3586555.928534
    364196    7495450    1679420  7546298.144787
    364197    4989800    1485150  5121805.794290
    364222    2955200    2904524  2085363.393527
    364223    1996200    1958889  1465725.714003
    364254   29975000     447386 10238004.488006
    364302     318400        996   319070.951565
    364303     319400      23941   320029.084830
    364304     440000       5676    96645.751291
    364305     440000       5918    96643.769505
    366010    6043000      72804  2700894.975040
    366011    4106000     460391  2212215.296796
    366012     240000      54513   200317.697841
    366013      99780      28288    95739.653365
    366014    2994337    1772028  1949490.551872
    366015     298273     224978   254759.019596
    366016      99363      77721    95058.289989
    366017     368000     351233   304822.173977
    407019     625000     249546        0.021050
    407345    8417500    3564763 6063089044.892822
    407346    3728000    1645906 2644312277.426575
    407347    2258700    1003418 1557247968.562195
    410013    5000000     104009  5000000.000000
    410014    4998000     103761  4998000.000000
    410015     630000       9760   630000.000000
    410016     630000       9558   630000.000000
    410025    1000000      22342        0.002053
    410470   74456000    3067349 54364988594.905151
    410471   24714000      77970 18045509444.822266
    410472   44876000     910468 32767455516.488281
    410480   73783000    2977323 53872453379.862915
    410482   24724000     448331 18052751545.320923
    410503   19953000     327813 1535112264.622803
    410642    6238000     121661 230921346.638852
    410643    6250000     101231 138726186.657183
    410644    2498000      57285  5065597.106670
    410645    2500000      47838  3171824.083278
    410646    6243000     128844 236989730.114391
    410647    6240000     129424 236691706.795143
    410648    1250000      18315  4999372.782690
    410649    1249000      18235  4991734.176201
    410654    6249000      94667 229776126.743166
    410655    6247000      96757 234352806.618860
    410656    1230000      12427  4761724.941499
    410657    1250000      12820  4941347.216849
    410658    6226000     109201 230476260.470878
    410659    5968000      88183 132472573.494187
