00276262        12453880        4115            12453880.000000 CAOD_HIGG5D2   
00276329        12972955        7588            12972955.000000 CAOD_HIGG5D2   
00276336        635155          415             635155.000000   CAOD_HIGG5D2   
00276416        3894134         2846            3894134.000000  CAOD_HIGG5D2   
00276511        5988485         5607            5988485.000000  CAOD_HIGG5D2   
00276689        5314467         6997            5314467.000000  CAOD_HIGG5D2   
00276778        430783          382             430783.000000   CAOD_HIGG5D2   
00276790        941878          1040            941878.000000   CAOD_HIGG5D2   
00276952        3492176         4172            3492176.000000  CAOD_HIGG5D2   
00276954        417503          450             417503.000000   CAOD_HIGG5D2   
00278880        12771895        13567           12771895.000000 CAOD_HIGG5D2   
00278912        10890509        12635           10890509.000000 CAOD_HIGG5D2   
00278968        4824560         6120            4824560.000000  CAOD_HIGG5D2   
00279169        28681854        35267           28681854.000000 CAOD_HIGG5D2   
00279259        3398058         4736            3398058.000000  CAOD_HIGG5D2   
00279279        8636581         10854           8636581.000000  CAOD_HIGG5D2   
00279284        15698710        20315           15698710.000000 CAOD_HIGG5D2   
00279345        23676576        33474           23676576.000000 CAOD_HIGG5D2   
00279515        99594           199             99594.000000    CAOD_HIGG5D2   
00279598        27836447        43497           27836447.000000 CAOD_HIGG5D2   
00279685        31519825        47055           31519825.000000 CAOD_HIGG5D2   
00279764        2629946         4161            2629946.000000  CAOD_HIGG5D2   
00279813        22465562        30478           22465562.000000 CAOD_HIGG5D2   
00279867        11732819        18652           11732819.000000 CAOD_HIGG5D2   
00279928        345640          691             345640.000000   CAOD_HIGG5D2   
00279932        18498231        28249           18498231.000000 CAOD_HIGG5D2   
00279984        30899495        40910           30899495.000000 CAOD_HIGG5D2   
00280231        38863293        55792           38863293.000000 CAOD_HIGG5D2   
00280273        548271          993             548271.000000   CAOD_HIGG5D2   
00280319        37042230        58914           37042230.000000 CAOD_HIGG5D2   
00280368        2814636         5172            2814636.000000  CAOD_HIGG5D2   
00280423        26065895        43497           26065895.000000 CAOD_HIGG5D2   
00280464        21462402        37247           21462402.000000 CAOD_HIGG5D2   
00280500        3409266         4672            3409266.000000  CAOD_HIGG5D2   
00280520        6422287         7892            6422287.000000  CAOD_HIGG5D2   
00280614        9032451         15322           9032451.000000  CAOD_HIGG5D2   
00280673        55904749        93310           55904749.000000 CAOD_HIGG5D2   
00280753        14443493        28502           14443493.000000 CAOD_HIGG5D2   
00280853        2733592         4594            2733592.000000  CAOD_HIGG5D2   
00280862        49250789        82412           49250789.000000 CAOD_HIGG5D2   
00280950        47827601        79427           47827601.000000 CAOD_HIGG5D2   
00280977        11717261        22147           11717261.000000 CAOD_HIGG5D2   
00281070        4408995         8082            4408995.000000  CAOD_HIGG5D2   
00281074        15654592        29289           15654592.000000 CAOD_HIGG5D2   
00281075        438686          766             438686.000000   CAOD_HIGG5D2   
00281317        7857695         15536           7857695.000000  CAOD_HIGG5D2   
00281385        37775989        55555           37775989.000000 CAOD_HIGG5D2   
00281411        45207147        92367           45207147.000000 CAOD_HIGG5D2   
00282625        5485314         7064            5485314.000000  CAOD_HIGG5D2   
00282631        9829580         17273           9829580.000000  CAOD_HIGG5D2   
00282712        31385769        60365           31385769.000000 CAOD_HIGG5D2   
00282784        4046640         1914            4046640.000000  CAOD_HIGG5D2   
00282992        35831753        67986           35831753.000000 CAOD_HIGG5D2   
00283074        18933386        35742           18933386.000000 CAOD_HIGG5D2   
00283155        9752472         18518           9752472.000000  CAOD_HIGG5D2   
00283270        4430658         8480            4430658.000000  CAOD_HIGG5D2   
00283429        79569604        148625          79569604.000000 CAOD_HIGG5D2   
00283608        9606521         15271           9606521.000000  CAOD_HIGG5D2   
00283780        46435904        91193           46435904.000000 CAOD_HIGG5D2   
00284006        11928929        24632           11928929.000000 CAOD_HIGG5D2   
00284154        7956448         6384            7956448.000000  CAOD_HIGG5D2   
00284213        63189115        126135          63189115.000000 CAOD_HIGG5D2   
00284285        76835679        156902          76835679.000000 CAOD_HIGG5D2   
00284420        18187501        36862           18187501.000000 CAOD_HIGG5D2   
00284427        10995023        22224           10995023.000000 CAOD_HIGG5D2   
00284484        31754768        65517           31754768.000000 CAOD_HIGG5D2   
00297730        14666349        2277            14666349.000000 CAOD_HIGG5D2   
00298595        3133859         611             3133859.000000  CAOD_HIGG5D2   
00298609        6288037         1311            6288037.000000  CAOD_HIGG5D2   
00298633        13229931        3950            13229931.000000 CAOD_HIGG5D2   
00298687        17971981        13767           17971981.000000 CAOD_HIGG5D2   
00298690        1258445         980             1258445.000000  CAOD_HIGG5D2   
00298771        7061356         5398            7061356.000000  CAOD_HIGG5D2   
00298773        6837614         5286            6837614.000000  CAOD_HIGG5D2   
00298862        20220154        15815           20220154.000000 CAOD_HIGG5D2   
00298967        27997456        35380           27997456.000000 CAOD_HIGG5D2   
00299055        23880448        28995           23880448.000000 CAOD_HIGG5D2   
00299144        14319022        19127           14319022.000000 CAOD_HIGG5D2   
00299147        13938967        15447           13938967.000000 CAOD_HIGG5D2   
00299184        35490989        60021           35490989.000000 CAOD_HIGG5D2   
00299243        3304691         3796            3304691.000000  CAOD_HIGG5D2   
00299584        83821946        141774          83821946.000000 CAOD_HIGG5D2   
00300279        4204065         3656            4204065.000000  CAOD_HIGG5D2   
00300345        1396892         3622            1396892.000000  CAOD_HIGG5D2   
00300415        26358015        60522           26358015.000000 CAOD_HIGG5D2   
00300418        1026746         3742            1026746.000000  CAOD_HIGG5D2   
00300487        28433227        75692           28433227.000000 CAOD_HIGG5D2   
00300540        37395409        112551          37395409.000000 CAOD_HIGG5D2   
00300571        28876747        90269           28876747.000000 CAOD_HIGG5D2   
00300600        10395148        30989           10395148.000000 CAOD_HIGG5D2   
00300655        38976996        142196          38976996.000000 CAOD_HIGG5D2   
00300687        58638253        203296          58638253.000000 CAOD_HIGG5D2   
00300784        1241726         4534            1241726.000000  CAOD_HIGG5D2   
00300800        48096930        168809          48096930.000000 CAOD_HIGG5D2   
00300863        58204420        201656          58204420.000000 CAOD_HIGG5D2   
00300908        35726539        129189          35726539.000000 CAOD_HIGG5D2   
00301912        2526693         4136            2526693.000000  CAOD_HIGG5D2   
00301915        1450964         2455            1450964.000000  CAOD_HIGG5D2   
00301918        8233214         13002           8233214.000000  CAOD_HIGG5D2   
00301932        82526129        218419          82526129.000000 CAOD_HIGG5D2   
00301973        100108843       287521          100108843.000000 CAOD_HIGG5D2   
00302053        78400574        233369          78400574.000000 CAOD_HIGG5D2   
00302137        39832205        122932          39832205.000000 CAOD_HIGG5D2   
00302265        20774509        63400           20774509.000000 CAOD_HIGG5D2   
00302269        11340155        34177           11340155.000000 CAOD_HIGG5D2   
00302300        83588612        236847          83588612.000000 CAOD_HIGG5D2   
00302347        39072724        120505          39072724.000000 CAOD_HIGG5D2   
00302380        21222052        65139           21222052.000000 CAOD_HIGG5D2   
00302391        28142740        79038           28142740.000000 CAOD_HIGG5D2   
00302393        106783895       318941          106783895.000000 CAOD_HIGG5D2   
00302737        16786522        52591           16786522.000000 CAOD_HIGG5D2   
00302831        5555894         10386           5555894.000000  CAOD_HIGG5D2   
00302872        131571245       398458          131571245.000000 CAOD_HIGG5D2   
00302919        10884376        39481           10884376.000000 CAOD_HIGG5D2   
00302925        20417664        77484           20417664.000000 CAOD_HIGG5D2   
00302956        52494980        206124          52494980.000000 CAOD_HIGG5D2   
00303007        2350962         10158           2350962.000000  CAOD_HIGG5D2   
00303079        15170741        63485           15170741.000000 CAOD_HIGG5D2   
00303201        14596310        58352           14596310.000000 CAOD_HIGG5D2   
00303208        87008115        327408          87008115.000000 CAOD_HIGG5D2   
00303264        5633196         19669           5633196.000000  CAOD_HIGG5D2   
00303266        41740919        166459          41740919.000000 CAOD_HIGG5D2   
00303291        26505956        105492          26505956.000000 CAOD_HIGG5D2   
00303304        80740573        289782          80740573.000000 CAOD_HIGG5D2   
00303338        90782421        314442          90782421.000000 CAOD_HIGG5D2   
00303421        75229788        294026          75229788.000000 CAOD_HIGG5D2   
00303499        68687323        255952          68687323.000000 CAOD_HIGG5D2   
00303560        48916019        200286          48916019.000000 CAOD_HIGG5D2   
00303638        76241062        282850          76241062.000000 CAOD_HIGG5D2   
00303832        13919593        55377           13919593.000000 CAOD_HIGG5D2   
00303846        71077917        295185          71077917.000000 CAOD_HIGG5D2   
00303892        65779677        277275          65779677.000000 CAOD_HIGG5D2   
00303943        60342124        280121          60342124.000000 CAOD_HIGG5D2   
00304006        20930523        95686           20930523.000000 CAOD_HIGG5D2   
00304008        61410138        283531          61410138.000000 CAOD_HIGG5D2   
00304128        71422463        328907          71422463.000000 CAOD_HIGG5D2   
00304178        53579736        256269          53579736.000000 CAOD_HIGG5D2   
00304198        20173266        98338           20173266.000000 CAOD_HIGG5D2   
00304211        16052307        77688           16052307.000000 CAOD_HIGG5D2   
00304243        43859826        210800          43859826.000000 CAOD_HIGG5D2   
00304308        3755004         17543           3755004.000000  CAOD_HIGG5D2   
00304337        51425359        247833          51425359.000000 CAOD_HIGG5D2   
00304409        13470958        60934           13470958.000000 CAOD_HIGG5D2   
00304431        18955902        90196           18955902.000000 CAOD_HIGG5D2   
00304494        7892600         36314           7892600.000000  CAOD_HIGG5D2   
00305380        39218593        192797          39218593.000000 CAOD_HIGG5D2   
00305543        34208100        107779          34208100.000000 CAOD_HIGG5D2   
00305571        3553268         11607           3553268.000000  CAOD_HIGG5D2   
00305618        36949727        181561          36949727.000000 CAOD_HIGG5D2   
00305671        3260271         16114           3260271.000000  CAOD_HIGG5D2   
00305674        2311425         11734           2311425.000000  CAOD_HIGG5D2   
00305723        33307013        166911          33307013.000000 CAOD_HIGG5D2   
00305727        8430939         39247           8430939.000000  CAOD_HIGG5D2   
00305735        14849764        76309           14849764.000000 CAOD_HIGG5D2   
00305777        39042835        191233          39042835.000000 CAOD_HIGG5D2   
00305811        31880840        162242          31880840.000000 CAOD_HIGG5D2   
00305920        30350299        154904          30350299.000000 CAOD_HIGG5D2   
00306269        18416059        97090           18416059.000000 CAOD_HIGG5D2   
00306278        46710498        233390          46710498.000000 CAOD_HIGG5D2   
00306310        48415395        228721          48415395.000000 CAOD_HIGG5D2   
00306384        27777658        119648          27777658.000000 CAOD_HIGG5D2   
00306419        10910235        57381           10910235.000000 CAOD_HIGG5D2   
00306442        3953031         20227           3953031.000000  CAOD_HIGG5D2   
00306448        12095541        63955           12095541.000000 CAOD_HIGG5D2   
00306451        38956733        196779          38956733.000000 CAOD_HIGG5D2   
00307126        6678358         16915           6678358.000000  CAOD_HIGG5D2   
00307195        24745704        129714          24745704.000000 CAOD_HIGG5D2   
00307259        47891034        181804          47891034.000000 CAOD_HIGG5D2   
00307306        21648529        114418          21648529.000000 CAOD_HIGG5D2   
00307354        9815758         50939           9815758.000000  CAOD_HIGG5D2   
00307358        46725678        227059          46725678.000000 CAOD_HIGG5D2   
00307394        44002449        213134          44002449.000000 CAOD_HIGG5D2   
00307454        60677930        287917          60677930.000000 CAOD_HIGG5D2   
00307514        23130069        119780          23130069.000000 CAOD_HIGG5D2   
00307539        9105245         46006           9105245.000000  CAOD_HIGG5D2   
00307569        40510230        197772          40510230.000000 CAOD_HIGG5D2   
00307601        36485000        184281          36485000.000000 CAOD_HIGG5D2   
00307619        8266961         41824           8266961.000000  CAOD_HIGG5D2   
00307656        56443850        259513          56443850.000000 CAOD_HIGG5D2   
00307710        10467936        51719           10467936.000000 CAOD_HIGG5D2   
00307716        27266528        135465          27266528.000000 CAOD_HIGG5D2   
00307732        69443419        316987          69443419.000000 CAOD_HIGG5D2   
00307861        36073657        176331          36073657.000000 CAOD_HIGG5D2   
00307935        52828779        244601          52828779.000000 CAOD_HIGG5D2   
00308047        62119233        280466          62119233.000000 CAOD_HIGG5D2   
00308084        44248093        208976          44248093.000000 CAOD_HIGG5D2   
00309375        12655194        28673           12655194.000000 CAOD_HIGG5D2   
00309390        50733479        169359          50733479.000000 CAOD_HIGG5D2   
00309440        62238348        264973          62238348.000000 CAOD_HIGG5D2   
00309516        48003561        220502          48003561.000000 CAOD_HIGG5D2   
00309640        49249481        228262          49249481.000000 CAOD_HIGG5D2   
00309674        44280492        207107          44280492.000000 CAOD_HIGG5D2   
00309759        46515816        208757          46515816.000000 CAOD_HIGG5D2   
00310015        2038023         1325            2038023.000000  CAOD_HIGG5D2   
00310247        4365774         19927           4365774.000000  CAOD_HIGG5D2   
00310249        58443043        250765          58443043.000000 CAOD_HIGG5D2   
00310341        56570797        252670          56570797.000000 CAOD_HIGG5D2   
00310370        4488643         9883            4488643.000000  CAOD_HIGG5D2   
00310405        23313314        113874          23313314.000000 CAOD_HIGG5D2   
00310468        19758243        95152           19758243.000000 CAOD_HIGG5D2   
00310473        28671695        139618          28671695.000000 CAOD_HIGG5D2   
00310634        72039752        320207          72039752.000000 CAOD_HIGG5D2   
00310691        42630088        199410          42630088.000000 CAOD_HIGG5D2   
00310738        57060346        239596          57060346.000000 CAOD_HIGG5D2   
00310809        60744067        226353          60744067.000000 CAOD_HIGG5D2   
00310863        15594412        73392           15594412.000000 CAOD_HIGG5D2   
00310872        23911752        113590          23911752.000000 CAOD_HIGG5D2   
00310969        25016508        104173          25016508.000000 CAOD_HIGG5D2   
00311071        28475101        139843          28475101.000000 CAOD_HIGG5D2   
00311170        48889697        221205          48889697.000000 CAOD_HIGG5D2   
00311244        31614680        155347          31614680.000000 CAOD_HIGG5D2   
00311287        47627258        223171          47627258.000000 CAOD_HIGG5D2   
00311321        47805002        220357          47805002.000000 CAOD_HIGG5D2   
00311365        38041073        170478          38041073.000000 CAOD_HIGG5D2   
00311402        42759462        200980          42759462.000000 CAOD_HIGG5D2   
00311473        12437510        60735           12437510.000000 CAOD_HIGG5D2   
00311481        44043715        205902          44043715.000000 CAOD_HIGG5D2   
302118          30000           17266           30000.000000    CAOD_HIGG5D2   
302121          30000           18964           30000.000000    CAOD_HIGG5D2   
302131          25000           16604           25000.000000    CAOD_HIGG5D2   
302136          30000           19877           30000.000000    CAOD_HIGG5D2   
302138          25000           16437           25000.000000    CAOD_HIGG5D2   
302140          30000           19689           30000.000000    CAOD_HIGG5D2   
302193          10000           5733            10000.000000    CAOD_HIGG5D2   
302196          30000           18713           30000.000000    CAOD_HIGG5D2   
302206          20000           13369           20000.000000    CAOD_HIGG5D2   
302211          30000           20327           30000.000000    CAOD_HIGG5D2   
302213          30000           20045           30000.000000    CAOD_HIGG5D2   
302215          30000           19936           30000.000000    CAOD_HIGG5D2   
302343          50000           28558           50000.000000    CAOD_HIGG5D2   
302346          50000           31783           50000.000000    CAOD_HIGG5D2   
302356          30000           20136           30000.000000    CAOD_HIGG5D2   
302357          50000           33444           50000.000000    CAOD_HIGG5D2   
302359          50000           33460           50000.000000    CAOD_HIGG5D2   
302361          50000           33161           50000.000000    CAOD_HIGG5D2   
302362          50000           33158           50000.000000    CAOD_HIGG5D2   
302363          50000           33210           50000.000000    CAOD_HIGG5D2   
302365          50000           33105           50000.000000    CAOD_HIGG5D2   
302396          50000           7535            50000.000000    CAOD_HIGG5D2   
302407          50000           8643            50000.000000    CAOD_HIGG5D2   
302409          50000           9100            50000.000000    CAOD_HIGG5D2   
302412          50000           10429           50000.000000    CAOD_HIGG5D2   
302413          50000           10168           50000.000000    CAOD_HIGG5D2   
302415          50000           9330            50000.000000    CAOD_HIGG5D2   
302418          50000           53              50000.000000    CAOD_HIGG5D2   
302431          50000           38              50000.000000    CAOD_HIGG5D2   
302432          50000           47              50000.000000    CAOD_HIGG5D2   
302434          50000           49              50000.000000    CAOD_HIGG5D2   
302436          50000           48              50000.000000    CAOD_HIGG5D2   
302437          50000           49              50000.000000    CAOD_HIGG5D2   
302438          50000           47              50000.000000    CAOD_HIGG5D2   
302440          50000           46              50000.000000    CAOD_HIGG5D2   
304014          200000          49091           200000.000000   CAOD_HIGG5D2   
307365          30000           9114            30000.000000    CAOD_HIGG5D2   
307374          30000           9218            30000.000000    CAOD_HIGG5D2   
307380          50000           11679           50000.000000    CAOD_HIGG5D2   
307563          50000           17701           50000.000000    CAOD_HIGG5D2   
307567          50000           25251           50000.000000    CAOD_HIGG5D2   
307570          50000           27009           50000.000000    CAOD_HIGG5D2   
307580          50000           30242           50000.000000    CAOD_HIGG5D2   
307585          50000           31242           50000.000000    CAOD_HIGG5D2   
307587          50000           30653           50000.000000    CAOD_HIGG5D2   
307647          50000           17703           50000.000000    CAOD_HIGG5D2   
307651          50000           25563           50000.000000    CAOD_HIGG5D2   
307654          50000           27610           50000.000000    CAOD_HIGG5D2   
307664          50000           30388           50000.000000    CAOD_HIGG5D2   
307669          50000           30963           50000.000000    CAOD_HIGG5D2   
307671          50000           30712           50000.000000    CAOD_HIGG5D2   
341733          400000          34773           400000.000000   CAOD_HIGG5D2   
341736          400000          59202           400000.000000   CAOD_HIGG5D2   
341738          400000          66104           400000.000000   CAOD_HIGG5D2   
341741          400000          380             400000.000000   CAOD_HIGG5D2   
341743          400000          397             400000.000000   CAOD_HIGG5D2   
342282          2000000         8823            60391328.683380 CAOD_HIGG5D2   
342283          300000          3591            1148415.944253  CAOD_HIGG5D2   
342286          100000          211             41325.128543    CAOD_HIGG5D2   
342287          100000          237             -3350.881486    CAOD_HIGG5D2   
343024          400000          56545           400000.000000   CAOD_HIGG5D2   
343038          400000          232             400000.000000   CAOD_HIGG5D2   
343051          400000          373             400000.000000   CAOD_HIGG5D2   
343365          4995000         1160117         240945.409774   CAOD_HIGG5D2   
343366          4980000         1466002         2279007.479431  CAOD_HIGG5D2   
343367          5000000         142587          2290458.080668  CAOD_HIGG5D2   
343504          400000          37252           7093.357359     CAOD_HIGG5D2   
343518          400000          60332           154.498690      CAOD_HIGG5D2   
343524          400000          63479           22.987737       CAOD_HIGG5D2   
343534          396000          66708           0.279546        CAOD_HIGG5D2   
343536          400000          319             7093.080008     CAOD_HIGG5D2   
343556          400000          614             22.985886       CAOD_HIGG5D2   
343566          400000          632             0.281964        CAOD_HIGG5D2   
345038          473100          15294           359998.100631   CAOD_HIGG5D2   
345039          250000          8413            215515.156476   CAOD_HIGG5D2   
345040          250000          7834            135020.588036   CAOD_HIGG5D2   
345043          2500000         374             1619521.979718  CAOD_HIGG5D2   
345044          2499900         115836          1615796.350956  CAOD_HIGG5D2   
345045          3000000         302288          103008.008756   CAOD_HIGG5D2   
345053          1999900         695552          350906.073237   CAOD_HIGG5D2   
345054          3999950         1428622         1114715.390039  CAOD_HIGG5D2   
345055          2999000         315361          228235.974688   CAOD_HIGG5D2   
345056          2000000         1238            300453.345575   CAOD_HIGG5D2   
345057          750000          78509           4340.116968     CAOD_HIGG5D2   
345058          500000          340             5693.437834     CAOD_HIGG5D2   
345109          999000          358548          175417.677932   CAOD_HIGG5D2   
345110          1998950         736867          556696.538937   CAOD_HIGG5D2   
345111          3000000         330495          228307.496510   CAOD_HIGG5D2   
345112          1999950         737             300445.684532   CAOD_HIGG5D2   
345113          750000          82924           4340.116968     CAOD_HIGG5D2   
345114          500000          55130           2928.014584     CAOD_HIGG5D2   
345342          4996000         915             141402371.703423 CAOD_HIGG5D2   
361020          10499000        1               10499000.000000 CAOD_HIGG5D2   
361021          15998000        17              578667971.513764 CAOD_HIGG5D2   
361022          11459500        555             342124606.981014 CAOD_HIGG5D2   
361023          600000          256             21934044.313294 CAOD_HIGG5D2   
361024          500000          820             12654545.420976 CAOD_HIGG5D2   
361025          8609000         24012           136217491.633186 CAOD_HIGG5D2   
361026          400000          1590            4051951.561841  CAOD_HIGG5D2   
361027          15983000        87982           453391365.645405 CAOD_HIGG5D2   
361028          15999000        100624          15999000.000000 CAOD_HIGG5D2   
361029          13995500        101413          13995500.000000 CAOD_HIGG5D2   
361030          13985000        106100          13985000.000000 CAOD_HIGG5D2   
361031          15918000        118645          15918000.000000 CAOD_HIGG5D2   
361032          15995600        113037          15995600.000000 CAOD_HIGG5D2   
363123          1948000         1227            1995924.735010  CAOD_HIGG5D2   
363124          572500          665             594344.727569   CAOD_HIGG5D2   
363125          500000          586             525314.483003   CAOD_HIGG5D2   
363126          1978900         59606           2766897.519832  CAOD_HIGG5D2   
363127          1002900         32352           1439961.856476  CAOD_HIGG5D2   
363128          391940          11097           593381.127759   CAOD_HIGG5D2   
363129          1960000         153214          3030663.918382  CAOD_HIGG5D2   
363130          979900          74324           1557632.727503  CAOD_HIGG5D2   
363131          777420          54493           1293155.255842  CAOD_HIGG5D2   
363132          789000          94094           1291766.123406  CAOD_HIGG5D2   
363133          397000          45840           665844.701927   CAOD_HIGG5D2   
363134          233000          25651           404648.759004   CAOD_HIGG5D2   
363135          196000          25846           326570.491330   CAOD_HIGG5D2   
363136          201000          26348           339549.865476   CAOD_HIGG5D2   
363137          24000           3191            41479.064995    CAOD_HIGG5D2   
363138          5000            674             8331.760286     CAOD_HIGG5D2   
363139          5000            725             8347.539624     CAOD_HIGG5D2   
363140          54500           7495            92852.435483    CAOD_HIGG5D2   
363141          54500           7591            90565.694611    CAOD_HIGG5D2   
363142          51000           7362            84349.967721    CAOD_HIGG5D2   
363143          51000           7411            84922.384609    CAOD_HIGG5D2   
363144          21000           3139            33919.265728    CAOD_HIGG5D2   
363145          21000           3185            33393.244605    CAOD_HIGG5D2   
363146          21000           3236            33401.957618    CAOD_HIGG5D2   
363147          3000000         9450            3073992.674017  CAOD_HIGG5D2   
363148          999900          5815            1039075.787541  CAOD_HIGG5D2   
363149          717950          4110            755012.805906   CAOD_HIGG5D2   
363150          1930800         91457           2703609.295114  CAOD_HIGG5D2   
363151          1483400         76390           2131800.966258  CAOD_HIGG5D2   
363152          393280          19344           595102.933647   CAOD_HIGG5D2   
363153          1970000         181706          3042944.620844  CAOD_HIGG5D2   
363154          984350          90631           1562741.298224  CAOD_HIGG5D2   
363155          779860          69247           1295632.439875  CAOD_HIGG5D2   
363156          791000          101199          1294638.105396  CAOD_HIGG5D2   
363157          394000          49396           661388.570252   CAOD_HIGG5D2   
363158          234000          29193           407508.425592   CAOD_HIGG5D2   
363159          197000          28163           328213.626199   CAOD_HIGG5D2   
363160          200000          29088           338422.006324   CAOD_HIGG5D2   
363161          68000           9875            117423.673118   CAOD_HIGG5D2   
363162          49900           7592            83974.599744    CAOD_HIGG5D2   
363163          50000           7730            84457.152597    CAOD_HIGG5D2   
363164          50000           7818            85654.137221    CAOD_HIGG5D2   
363165          50000           8271            84327.687295    CAOD_HIGG5D2   
363166          50000           8373            83502.097805    CAOD_HIGG5D2   
363168          20000           3596            33323.535893    CAOD_HIGG5D2   
363169          40000           7493            65553.133378    CAOD_HIGG5D2   
363355          5400000         370             3496611.893688  CAOD_HIGG5D2   
363356          5400000         278265          3493297.569607  CAOD_HIGG5D2   
363357          6000000         387             559370.390577   CAOD_HIGG5D2   
363358          5400000         288999          254404.249829   CAOD_HIGG5D2   
363359          7194000         678901          1076338.136888  CAOD_HIGG5D2   
363360          7188000         657473          1080428.409369  CAOD_HIGG5D2   
363489          7180000         788231          1124496.066960  CAOD_HIGG5D2   
364100          7970000         15071           5372476.068545  CAOD_HIGG5D2   
364101          4982000         17331           2871991.426144  CAOD_HIGG5D2   
364102          7983000         25085           4120985.337338  CAOD_HIGG5D2   
364103          5983000         225969          2166490.441836  CAOD_HIGG5D2   
364104          1071800         43242           397754.866814   CAOD_HIGG5D2   
364105          5981600         212483          2082263.968592  CAOD_HIGG5D2   
364106          5000000         469369          2974012.067162  CAOD_HIGG5D2   
364107          3000000         282499          1991088.330737  CAOD_HIGG5D2   
364108          12458900        1082876         8646674.040882  CAOD_HIGG5D2   
364109          2000000         263264          1728411.311601  CAOD_HIGG5D2   
364110          999600          130464          918652.623890   CAOD_HIGG5D2   
364112          2996500         445189          2980513.214441  CAOD_HIGG5D2   
364113          997000          160408          1017049.293507  CAOD_HIGG5D2   
364115          4999000         68943           2872880.276420  CAOD_HIGG5D2   
364116          7995600         105437          4110178.060185  CAOD_HIGG5D2   
364117          5956000         341613          2175375.417021  CAOD_HIGG5D2   
364118          1999200         124154          724681.699915   CAOD_HIGG5D2   
364119          3980000         232917          1383476.912885  CAOD_HIGG5D2   
364120          5000000         566890          2996565.619117  CAOD_HIGG5D2   
364121          3000000         343477          2001395.901331  CAOD_HIGG5D2   
364122          12439600        1368647         8626709.418258  CAOD_HIGG5D2   
364123          1999800         301674          1723396.105726  CAOD_HIGG5D2   
364124          999900          148741          918309.624933   CAOD_HIGG5D2   
364125          1999850         294262          1875662.690188  CAOD_HIGG5D2   
364126          2999000         500677          2968474.179291  CAOD_HIGG5D2   
364127          1000000         188610          1016520.833289  CAOD_HIGG5D2   
364128          7986000         8519            5376034.859371  CAOD_HIGG5D2   
364129          4979000         9231            2869441.986585  CAOD_HIGG5D2   
364130          7995800         14171           4114442.115225  CAOD_HIGG5D2   
364131          5997500         121937          2190964.013229  CAOD_HIGG5D2   
364132          1999200         43124           731614.169086   CAOD_HIGG5D2   
364133          5969550         119696          2090757.190214  CAOD_HIGG5D2   
364134          3335000         202729          1998253.120298  CAOD_HIGG5D2   
364135          3000000         177682          2001155.352105  CAOD_HIGG5D2   
364136          4992950         282055          3472626.201425  CAOD_HIGG5D2   
364137          2000000         191838          1678900.332077  CAOD_HIGG5D2   
364138          1000000         87794           918259.650128   CAOD_HIGG5D2   
364139          1983950         170485          1860875.964687  CAOD_HIGG5D2   
364140          2999800         308656          2978478.474718  CAOD_HIGG5D2   
364141          1000000         117174          1018271.294646  CAOD_HIGG5D2   
364142          9999000         2               6606908.796466  CAOD_HIGG5D2   
364143          7934000         4               4500386.876761  CAOD_HIGG5D2   
364144          7944000         6               4009527.165899  CAOD_HIGG5D2   
364145          13701000        29              4922339.229978  CAOD_HIGG5D2   
364146          14289800        71              5177662.739376  CAOD_HIGG5D2   
364147          19355500        373             6780165.053227  CAOD_HIGG5D2   
364148          14432800        258             8555269.463128  CAOD_HIGG5D2   
364149          12390500        623             8219434.184841  CAOD_HIGG5D2   
364150          47000           6               32579.928927    CAOD_HIGG5D2   
364151          4996400         717             4314160.951065  CAOD_HIGG5D2   
364152          3315500         758             3054699.028248  CAOD_HIGG5D2   
364153          8862350         3598            8329870.935002  CAOD_HIGG5D2   
364154          10000000        6837            9942935.757778  CAOD_HIGG5D2   
364155          5000000         9023            5127586.583328  CAOD_HIGG5D2   
364157          9993000         55988           5726997.700749  CAOD_HIGG5D2   
364158          17485200        88885           10559843.078789 CAOD_HIGG5D2   
364159          14964000        1312777         5482207.913206  CAOD_HIGG5D2   
364160          9975200         1015234         3739738.716532  CAOD_HIGG5D2   
364161          19915000        1892698         8101688.300631  CAOD_HIGG5D2   
364163          7500000         2130729         5326023.971313  CAOD_HIGG5D2   
364164          25000000        6518983         18531580.763148 CAOD_HIGG5D2   
364166          2989000         1219097         2813148.816153  CAOD_HIGG5D2   
364167          2939500         1111692         2816636.726889  CAOD_HIGG5D2   
364168          5997500         2737605         6029336.825471  CAOD_HIGG5D2   
364169          3998000         2112742         4108152.135787  CAOD_HIGG5D2   
364170          24997000        57096           16788422.983434 CAOD_HIGG5D2   
364171          9910500         48287           5679456.922067  CAOD_HIGG5D2   
364172          17482400        77964           10553785.923034 CAOD_HIGG5D2   
364173          14815500        1149030         5415989.611953  CAOD_HIGG5D2   
364174          9940400         905292          3760767.332419  CAOD_HIGG5D2   
364175          9895900         830727          4017769.488745  CAOD_HIGG5D2   
364176          10000000        2370145         6234702.265768  CAOD_HIGG5D2   
364177          7498000         1907727         5326066.176417  CAOD_HIGG5D2   
364178          24860800        5726360         18433491.262350 CAOD_HIGG5D2   
364179          4998800         1820634         4378414.323111  CAOD_HIGG5D2   
364180          1999400         729817          1874911.561009  CAOD_HIGG5D2   
364181          2998000         1002657         2873526.187812  CAOD_HIGG5D2   
364182          5998600         2424277         6085450.809472  CAOD_HIGG5D2   
364183          3999000         1861647         4129139.921382  CAOD_HIGG5D2   
364184          16641000        3422            11230259.354064 CAOD_HIGG5D2   
364185          9994600         4592            5745345.396940  CAOD_HIGG5D2   
364186          17483200        7114            10626861.126148 CAOD_HIGG5D2   
364187          9999500         96615           3658450.277902  CAOD_HIGG5D2   
364188          9999000         117289          3772484.908089  CAOD_HIGG5D2   
364189          9999000         105155          4026450.520807  CAOD_HIGG5D2   
364190          9970000         343994          6210472.182204  CAOD_HIGG5D2   
364191          7500000         280944          5315025.007563  CAOD_HIGG5D2   
364192          24999900        831769          18537130.784175 CAOD_HIGG5D2   
364193          4999200         285358          4382337.211932  CAOD_HIGG5D2   
364194          2998400         170967          2811523.162085  CAOD_HIGG5D2   
364196          5960000         381110          5998107.731048  CAOD_HIGG5D2   
364197          4000000         297210          4113124.759368  CAOD_HIGG5D2   
364254          14996000        1316845         5114801.434128  CAOD_HIGG5D2   
364302          249000          13804           249522.962256   CAOD_HIGG5D2   
364303          248600          26              249084.155900   CAOD_HIGG5D2   
364304          328000          38524           72043.114539    CAOD_HIGG5D2   
364305          350000          41349           76879.554767    CAOD_HIGG5D2   
407019          500000          175996          0.016845        CAOD_HIGG5D2   
407345          16733700        5117300         12053708643.992371 CAOD_HIGG5D2   
407346          3006020         993624          2132460458.350525 CAOD_HIGG5D2   
407347          1988600         696747          1370975733.338989 CAOD_HIGG5D2   
410011          3335000         363650          0.145908        CAOD_HIGG5D2   
410012          4998000         569483          0.128906        CAOD_HIGG5D2   
410013          5000000         631312          5000000.000000  CAOD_HIGG5D2   
410014          4968000         627027          4968000.000000  CAOD_HIGG5D2   
410015          500000          69507           500000.000000   CAOD_HIGG5D2   
410016          500000          69384           500000.000000   CAOD_HIGG5D2   
410017          3000000         289962          0.121086        CAOD_HIGG5D2   
410018          3000000         282396          0.133453        CAOD_HIGG5D2   
410019          2000000         201580          0.047528        CAOD_HIGG5D2   
410020          2000000         193335          0.052895        CAOD_HIGG5D2   
410025          1000000         115840          0.002053        CAOD_HIGG5D2   
410026          1000000         116899          0.001262        CAOD_HIGG5D2   
410047          4910000         453708          4583982.000000  CAOD_HIGG5D2   
410062          4998000         545766          0.162245        CAOD_HIGG5D2   
410063          5000000         545211          0.162189        CAOD_HIGG5D2   
410080          200000          47543           200000.000000   CAOD_HIGG5D2   
410081          50000           11666           50000.000000    CAOD_HIGG5D2   
410099          5000000         577893          0.175260        CAOD_HIGG5D2   
410100          5000000         579340          0.167399        CAOD_HIGG5D2   
410102          4999000         578141          0.167287        CAOD_HIGG5D2   
410107          1000000         100193          0.002081        CAOD_HIGG5D2   
410108          1000000         103559          0.002035        CAOD_HIGG5D2   
410109          1000000         100738          0.001279        CAOD_HIGG5D2   
410110          1000000         104041          0.001252        CAOD_HIGG5D2   
410145          982000          121622          980428.000000   CAOD_HIGG5D2   
410146          982000          121912          980382.000000   CAOD_HIGG5D2   
410147          4900000         541390          4891874.000000  CAOD_HIGG5D2   
410148          4905000         542074          4896850.000000  CAOD_HIGG5D2   
410155          7497000         1336330         4110680.752182  CAOD_HIGG5D2   
410156          1500000         255848          232491.180384   CAOD_HIGG5D2   
410157          3000000         443913          1583158.620036  CAOD_HIGG5D2   
410218          1410000         144963          52012.904245    CAOD_HIGG5D2   
410219          1410000         130035          52021.837779    CAOD_HIGG5D2   
410220          935000          151675          34220.875033    CAOD_HIGG5D2   
410249          9993000         4976            2753125.731669  CAOD_HIGG5D2   
410470          59998000        14473919        43808539085.510132 CAOD_HIGG5D2   
410471          19994000        14642           14599590131.244751 CAOD_HIGG5D2   
410501          59993000        13373129        43804890053.853027 CAOD_HIGG5D2   
410503          19999000        3285768         1538562845.940018 CAOD_HIGG5D2   
410560          1000000         188003          43.743735       CAOD_HIGG5D2   
410642          4994000         547848          184898334.133519 CAOD_HIGG5D2   
410643          4975500         566317          110439966.850675 CAOD_HIGG5D2   
410644          2000000         239054          4056368.955808  CAOD_HIGG5D2   
410645          2000000         242565          2537965.303388  CAOD_HIGG5D2   
410646          4996000         635968          189644620.315369 CAOD_HIGG5D2   
410647          4999000         636739          189607897.911964 CAOD_HIGG5D2   
410648          1000000         136652          3999056.462175  CAOD_HIGG5D2   
410649          1000000         136797          3996367.691262  CAOD_HIGG5D2   
410654          4969000         554049          182902017.732512 CAOD_HIGG5D2   
410655          4974000         548480          186527930.974462 CAOD_HIGG5D2   
410656          1000000         112034          3878386.019267  CAOD_HIGG5D2   
410657          1000000         111129          3957806.055004  CAOD_HIGG5D2
364156          24966000        66687           16783367.715215 CAOD_HIGG5D2
364162          10000000        2680607         6228867.748728  CAOD_HIGG5D2
364165          2969000         1212913         2599478.597667  CAOD_HIGG5D2
364195          2998100         153340          2872290.120457  CAOD_HIGG5D2
364111          1999400         252295          1880442.932102  CAOD_HIGG5D2
364114          8000000         65486           5374833.016751  CAOD_HIGG5D2
410658          4790500         531156          177371127.734142 CAOD_HIGG5D2
410659          4761500         548100          105687644.473091 CAOD_HIGG5D2
345951          7980000         5818519         5818516273.980347 CAOD_HIGG5D2
346031          4976000         4029814         3581783169.905640 CAOD_HIGG5D2
410472          39974000        7209419         29187952481.766968 CAOD_HIGG5D2
