  00325713   24091770      46175 24091770.000000
  00325790   12840594      24471 12840594.000000
  00326439     638754         44   638754.000000
  00326446   10150104      23284 10150104.000000
  00326468    3057231        804  3057231.000000
  00326551   25908163      74170 25908163.000000
  00326657   14485491      41596 14485491.000000
  00326695   24289480      67588 24289480.000000
  00326834   39562547     122514 39562547.000000
  00326870   10246939      35546 10246939.000000
  00326923   25311276      84694 25311276.000000
  00326945   28890748      95590 28890748.000000
  00327057   36583679     142039 36583679.000000
  00327103    9718965      47809  9718965.000000
  00327265   42814259     211454 42814259.000000
  00327342   57420012     293675 57420012.000000
  00327490   43234714     204161 43234714.000000
  00327582    2898440      20164  2898440.000000
  00327636   21103653     115643 21103653.000000
  00327662   31800092     172567 31800092.000000
  00327745    8469105      50840  8469105.000000
  00327761     441993       3473   441993.000000
  00327764   51856905     287855 51856905.000000
  00327860    6589729      38576  6589729.000000
  00327862   25699812     142129 25699812.000000
  00328042   26946068     148970 26946068.000000
  00328099   43615474     241410 43615474.000000
  00328221    8347942      47465  8347942.000000
  00328263   41360677     233162 41360677.000000
  00328333   25530544     145439 25530544.000000
  00328374    1081381       5757  1081381.000000
  00328393   18313761     107882 18313761.000000
  00329716    6183735      25373  6183735.000000
  00329778     281774       1463   281774.000000
  00329780   32580460     164517 32580460.000000
  00329829    5303320      30644  5303320.000000
  00329835   11349103      60204 11349103.000000
  00329869   20389605     121649 20389605.000000
  00329964   17511118     103863 17511118.000000
  00330025   30267486     180947 30267486.000000
  00330074    7688752      47250  7688752.000000
  00330079    8643268      53665  8643268.000000
  00330101    1085217       7179  1085217.000000
  00330160    3295550       1008  3295550.000000
  00330166    1219716       8238  1219716.000000
  00330203   45472799     271591 45472799.000000
  00330294   43937216     268358 43937216.000000
  00330470    8265401      50847  8265401.000000
  00331033   14762891      18234 14762891.000000
  00331082     735147       5569   735147.000000
  00331085   49417976     293968 49417976.000000
  00331129   49077516     275742 49077516.000000
  00331215   11918351      78902 11918351.000000
  00331697    9412751      61626  9412751.000000
  00331710   39725879     248447 39725879.000000
  00331742   44461569     273406 44461569.000000
  00331772    5269852      38523  5269852.000000
  00331804   48546662     300671 48546662.000000
  00331825   44931942     277936 44931942.000000
  00331860   32853549     205912 32853549.000000
  00331875   50640140     306520 50640140.000000
  00331905    3978870      27348  3978870.000000
  00331951    8421683      58062  8421683.000000
  00331975   55084181     272335 55084181.000000
  00332303   14222785     100030 14222785.000000
  00332304   20531137     128941 20531137.000000
  00332720     781060       2931   781060.000000
  00332896    3452685      13034  3452685.000000
  00332915   13663106      56623 13663106.000000
  00332953   15608398      69460 15608398.000000
  00332955    8289893      39558  8289893.000000
  00333181   17780181      86377 17780181.000000
  00333192   18837777      97103 18837777.000000
  00333367   18921305     101269 18921305.000000
  00333380    7440082      41203  7440082.000000
  00333426    6373816      35826  6373816.000000
  00333469   10959684      59885 10959684.000000
  00333487   32504377     167419 32504377.000000
  00333519    7507318      43079  7507318.000000
  00333650   24252263     122844 24252263.000000
  00333707   11058580      60066 11058580.000000
  00333778   32503594     165536 32503594.000000
  00333828   28174231     138313 28174231.000000
  00333853    6711414      36239  6711414.000000
  00333904   14796471      73886 14796471.000000
  00333979   15970337      83673 15970337.000000
  00333994    1686478      11322  1686478.000000
  00334264   16148554      52066 16148554.000000
  00334317   12288137      45843 12288137.000000
  00334350   38073429     100689 38073429.000000
  00334384    3618889      19353  3618889.000000
  00334413   35732998     177328 35732998.000000
  00334443   33277596     165378 33277596.000000
  00334455    1063582       5747  1063582.000000
  00334487   36269994     180822 36269994.000000
  00334564   15330939      71462 15330939.000000
  00334580    2066158      10108  2066158.000000
  00334588   21288957      96627 21288957.000000
  00334637   15529231      72132 15529231.000000
  00334678   13434270      66488 13434270.000000
  00334737   29392816     147141 29392816.000000
  00334779   20963283      96563 20963283.000000
  00334842   12481501      55584 12481501.000000
  00334849   12583365      58993 12583365.000000
  00334878   18901603      92378 18901603.000000
  00334890   14910342      77947 14910342.000000
  00334907   26844927     142534 26844927.000000
  00334960   35697114     182377 35697114.000000
  00334993   35606923     183751 35606923.000000
  00335016    7493010      42587  7493010.000000
  00335022   37545510     194588 37545510.000000
  00335056     455053       2957   455053.000000
  00335082     967215       2107   967215.000000
  00335083   29695733     154797 29695733.000000
  00335131    8238550      44953  8238550.000000
  00335170   34195043     176222 34195043.000000
  00335177   38015266     193534 38015266.000000
  00335222   36396524     187546 36396524.000000
  00335282   11498770      62599 11498770.000000
  00335290   18529643      97543 18529643.000000
  00336506   13518602      69163 13518602.000000
  00336548   37149806     200085 37149806.000000
  00336567   42996819     242737 42996819.000000
  00336630   47557433     257509 47557433.000000
  00336678   45300611     249688 45300611.000000
  00336719   29743996     173538 29743996.000000
  00336782   44915698     241413 44915698.000000
  00336832   51546183     282186 51546183.000000
  00336852   62769210     345187 62769210.000000
  00336915   41577879     218501 41577879.000000
  00336927   49472574     259752 49472574.000000
  00336944   16156812      97751 16156812.000000
  00336998   17318027     104806 17318027.000000
  00337005   14084829      87386 14084829.000000
  00337052   43968080     232604 43968080.000000
  00337107   43856298     246419 43856298.000000
  00337156    7573059      48354  7573059.000000
  00337176   49928290     279453 49928290.000000
  00337215   48824982     269053 48824982.000000
  00337263   49228933     270701 49228933.000000
  00337335   26020941     156837 26020941.000000
  00337371   23325681     110064 23325681.000000
  00337404   18507223     113642 18507223.000000
  00337451   50957070     287568 50957070.000000
  00337491   33381536     199667 33381536.000000
  00337542   37442503     219451 37442503.000000
  00337662   56554684     315836 56554684.000000
  00337705   51881136     296902 51881136.000000
  00337833   66811944     365588 66811944.000000
  00338183   55240336     314058 55240336.000000
  00338220   65112102     369008 65112102.000000
  00338259   36383019     224818 36383019.000000
  00338263   58438939     336688 58438939.000000
  00338349   52980329     310137 52980329.000000
  00338377   72930462     150150 72930462.000000
  00338480   46285330     273441 46285330.000000
  00338498   39486074     239950 39486074.000000
  00338608   54602184     128931 54602184.000000
  00338675    4748317      32299  4748317.000000
  00338712   55419806     318214 55419806.000000
  00338767   49354010     305898 49354010.000000
  00338834    6208648      42064  6208648.000000
  00338846   56765485     346016 56765485.000000
  00338897   49368861     306287 49368861.000000
  00338933   54049571     308465 54049571.000000
  00338967   13832017      91152 13832017.000000
  00338987   52715800     232885 52715800.000000
  00339037   60101390     371114 60101390.000000
  00339070   55782998     349596 55782998.000000
  00339205   24878736     170567 24878736.000000
  00339346    3898509      30308  3898509.000000
  00339387   45221169     291168 45221169.000000
  00339396   24056985     170989 24056985.000000
  00339435   59187270     254143 59187270.000000
  00339500   19171110      66254 19171110.000000
  00339535   23737905     167405 23737905.000000
  00339562   16140640     105584 16140640.000000
  00339590    4969065      19680  4969065.000000
  00339758   53658985     356708 53658985.000000
  00339849   48102908     304909 48102908.000000
  00339957   68668316     344631 68668316.000000
  00340030   73222893     423267 73222893.000000
  00340072   78709382     460312 78709382.000000
  00340368   41378489     271843 41378489.000000
  00340453   71475531     422167 71475531.000000
    345043    3128000        455  2024792.562129
    345044    3130000     161387  2031508.248796
    345045    3747000     394144   128917.858092
    345053    1999950     701149   350871.296546
    345054    3993700    1439479  1112980.505605
    345055    2999950     332639   228273.335811
    345056    1999700       1266   300335.485644
    345057     745000      81750    15079.887724
    345058     499000        368     5685.469866
    345109     999950     361499   175322.797498
    345110    1973800     732439   550434.076685
    345951    9941000    7153512 7248574569.245239
    346031    6229600    5014822 4484859385.999634
    363355   10798000        754  6980710.763300
    363356   10800000     614794  6986134.668855
    363357    5998000        416   555940.206339
    363358   16121000     945558   759501.696529
    363359   21572000    2138167  3227638.928810
    363360   14372000    1378032  2149924.584563
    363489   43200000    4917316  6767085.680918
    364100    9909000      35643  6693737.228811
    364101    6199000      37794  3576209.472665
    364102    9591000      54806  4950838.587161
    364103    7478000     341718  2717596.446847
    364104    2494800     121013   902414.369021
    364105    7468600     321127  2606755.737784
    364106    6244000     640010  3716021.170611
    364107    3750000     384627  2491777.660066
    364108   15628900    1491059 10833133.075694
    364109    2460000     340924  2116546.384079
    364110    1249400     172966  1145984.975559
    364111    2498300     335042  2344779.043463
    364112    3746500     580755  3725326.760743
    364113    1250000     209686  1274067.229662
    364114    9998000     118137  6719012.350315
    364115    6240500     117665  3583695.672439
    364116    9992800     183173  5139202.169442
    364117    7384500     496024  2702655.209947
    364118    2495000     179622   907295.319330
    364119    7492600     512382  2628718.293706
    364120    6250000     774822  3744160.056808
    364121    3748000     466883  2499776.795538
    364122   15662200    1882368 10889156.868337
    364123    1999800     316155  1721809.184565
    364124    1250000     195818  1147074.096441
    364125    2499500     388699  2343737.994636
    364126    3712000     646567  3677712.001134
    364127    1249800     244214  1270333.509212
    364128    9998000      14766  6726281.149512
    364129    6137500      15042  3532960.237736
    364130    9994000      23937  5137387.928969
    364131    7498500     161993  2755702.598513
    364132    2499000      56836   903049.705499
    364133    7498800     161227  2628966.314780
    364134    6228000     385246  3734850.538126
    364135    3749900     225708  2500529.893845
    364136    6213000     355647  4324785.165015
    364137    2499000     238480  2155327.639877
    364138    1233900     108507  1133852.680416
    364139    2497200     212952  2343161.416265
    364140    3749600     383860  3723236.229741
    364141    1250000     146144  1272900.203109
    364142    9998000          5  6588202.488415
    364143    7999000          6  4542238.145364
    364144    8000000         15  4013221.160554
    364145   14946000         55  5424392.640331
    364146   14916400        126  5401266.426735
    364147   19975900        438  6977188.537946
    364148   14986600        334  8881579.200987
    364149   12498700        690  8291258.320711
    364150   19989200       3045 13866756.715904
    364151    4998800        828  4323752.345317
    364152    3497700        806  3225245.147133
    364153   17981950       7738 16911950.978454
    364154    9999500       7483  9949077.674943
    364155    5000000       9905  5118145.649899
    364156   29191950     145460 19637517.194190
    364157   12272700     120078  7032248.816644
    364158   21695000     192140 13107422.277372
    364159   18620000    1866175  6809091.182864
    364160   12459400    1443382  4736031.708851
    364161   25148250    2708850 10251557.926743
    364162   12324250    3436849  7671069.993161
    364163    9355250    2754009  6645335.473359
    364164   26415600    7143155 19595421.329192
    364165    6228500    2557596  5457432.745635
    364166    3747350    1537144  3511511.997014
    364167    3746850    1423455  3594065.782538
    364168    7498000    3425873  7537726.061463
    364169    5000000    2631744  5139781.523237
    364170   30822900     122234 20732831.654969
    364171   12486200      99996  7152174.965797
    364172   21848300     157291 13185528.958004
    364173   18480000    1598811  6779036.612022
    364174   12402800    1259468  4686194.973897
    364175   12355900    1153072  5033772.164305
    364176   12479750    3057363  7733763.485489
    364177    9373800    2453871  6654590.499951
    364178   31859000    7544753 23622685.385286
    364179    6007600    2185765  5259053.309357
    364180    3743700    1367118  3507553.803131
    364181    3693850    1235311  3538269.948408
    364182    7494700    3015044  7522018.711003
    364183    4944000    2285321  5103985.845499
    364184   31110000      10747 20991167.738533
    364185   12443600       8972  7153489.514357
    364186   21824500      13619 13264431.697059
    364187   18721000     198635  6799003.576743
    364188   12389000     158302  4704295.750533
    364189   12477850     142490  5038960.269809
    364190   12479000     441598  7775476.384067
    364191    9373950     357231  6653397.738713
    364192   25593200     866570 19005305.240250
    364193    6238800     354925  5466336.487802
    364194    3729000     210800  3495497.607451
    364195    3742500     191328  3586555.928534
    364196    7465450     473430  7516092.640259
    364197    4989800     367369  5121805.794290
    364254   29975000    2735527 10238004.488006
    364302     318400      19318   319070.951565
    364303     319400         25   320029.084830
    364304     440000      53983    96645.751291
    364305     440000      53804    96643.769505
    410013    5000000     637446  5000000.000000
    410014    4998000     637958  4998000.000000
    410025    1000000     120664        0.002053
    410470   74486000   18066531 54386909894.882568
    410472   44876000    8328107 32767455516.488281
    410644    2498000     310272  5065597.106670
    410645    2500000     313100  3171824.083278
    410646    6243000     800774 236989730.114391
    410647    6240000     801196 236691706.795143
    410658    6226000     727798 230476260.470878
    410659    5968000     721389 132472573.494187
