  00276262   12453880       1366 12453880.000000
  00276329   12972955       2627 12972955.000000
  00276336     635155        138   635155.000000
  00276416    3894134        941  3894134.000000
  00276511    5988485       1935  5988485.000000
  00276689    5314467       2453  5314467.000000
  00276778     430783        126   430783.000000
  00276790     941878        380   941878.000000
  00276952    3492176       1419  3492176.000000
  00276954     417503        165   417503.000000
  00278880   12771895       4749 12771895.000000
  00278912   10890509       4440 10890509.000000
  00278968    4824560       2239  4824560.000000
  00279169   28681854      11886 28681854.000000
  00279259    3398058       1617  3398058.000000
  00279279    8636581       3853  8636581.000000
  00279284   15698710       7026 15698710.000000
  00279345   23676576      11708 23676576.000000
  00279515      99594         84    99594.000000
  00279598   27836447      14752 27836447.000000
  00279685   31519825      16533 31519825.000000
  00279764    2629946       1518  2629946.000000
  00279813   22465562      10622 22465562.000000
  00279867   11732819       6494 11732819.000000
  00279928     345640        263   345640.000000
  00279932   18498231       9787 18498231.000000
  00279984   30899495      14065 30899495.000000
  00280231   38863293      19253 38863293.000000
  00280273     548271        337   548271.000000
  00280319   37042230      20045 37042230.000000
  00280368    2814636       1773  2814636.000000
  00280423   26065895      14918 26065895.000000
  00280464   21462402      12614 21462402.000000
  00280500    3409266       1563  3409266.000000
  00280520    6422287       2651  6422287.000000
  00280614    9032451       5412  9032451.000000
  00280673   55904749      31824 55904749.000000
  00280753   14443493       9661 14443493.000000
  00280853    2733592       1592  2733592.000000
  00280862   49250789      28287 49250789.000000
  00280950   47827601      27496 47827601.000000
  00280977   11717261       7432 11717261.000000
  00281070    4408995       2907  4408995.000000
  00281074   15654592      10218 15654592.000000
  00281075     438686        246   438686.000000
  00281317    7857695       5310  7857695.000000
  00281385   37775989      19430 37775989.000000
  00281411   45207147      32177 45207147.000000
  00282625    5485314       2423  5485314.000000
  00282631    9829580       6014  9829580.000000
  00282712   31385769      20912 31385769.000000
  00282784    4046640        677  4046640.000000
  00282992   35831753      23005 35831753.000000
  00283074   18933386      12103 18933386.000000
  00283155    9752472       6397  9752472.000000
  00283270    4430658       2924  4430658.000000
  00283429   79569604      51649 79569604.000000
  00283608    9606521       5358  9606521.000000
  00283780   46435904      31829 46435904.000000
  00284006   11928929       8666 11928929.000000
  00284154    7956342       2240  7956342.000000
  00284213   63189115      43714 63189115.000000
  00284285   76835679      53840 76835679.000000
  00284420   18187501      12615 18187501.000000
  00284427   10995023       7864 10995023.000000
  00284484   31754768      22633 31754768.000000
  00297730   14666349        762 14666349.000000
  00298595    3133859        188  3133859.000000
  00298609    6288037        489  6288037.000000
  00298633   13229931       1358 13229931.000000
  00298687   17971981       4722 17971981.000000
  00298690    1258445        338  1258445.000000
  00298771    7061356       1888  7061356.000000
  00298773    6837614       1892  6837614.000000
  00298862   20220154       5444 20220154.000000
  00298967   27997456      12356 27997456.000000
  00299055   23880448      10022 23880448.000000
  00299144   14319022       6608 14319022.000000
  00299147   13938967       5351 13938967.000000
  00299184   35490989      20557 35490989.000000
  00299243    3304691       1291  3304691.000000
  00299584   83821946      49053 83821946.000000
  00300279    3660041       1284  3660041.000000
  00300345    1396892       1268  1396892.000000
  00300415   25635125      21060 25635125.000000
  00300418    1026746       1371  1026746.000000
  00300487   28433227      26678 28433227.000000
  00300540   37395409      39858 37395409.000000
  00300571   28876747      31784 28876747.000000
  00300600   10395148      11146 10395148.000000
  00300655   38976996      51464 38976996.000000
  00300687   58638253      73322 58638253.000000
  00300784    1241726       1590  1241726.000000
  00300800   48096930      60361 48096930.000000
  00300863   58204420      71585 58204420.000000
  00300908   35726539      46006 35726539.000000
  00301912    2526693       1477  2526693.000000
  00301915    1450964        837  1450964.000000
  00301918    8233214       4517  8233214.000000
  00301932   82526129      76346 82526129.000000
  00301973  100108843     100136 100108843.000000
  00302053   78400574      82785 78400574.000000
  00302137   39832205      43508 39832205.000000
  00302265   20774509      22579 20774509.000000
  00302269   11340155      12275 11340155.000000
  00302300   83588612      83456 83588612.000000
  00302347   39072724      42813 39072724.000000
  00302380   21222052      23150 21222052.000000
  00302391   28142740      28267 28142740.000000
  00302393  106733895     109451 106733895.000000
  00302737   16786522      18554 16786522.000000
  00302831    5555894       3639  5555894.000000
  00302872  131571245     139768 131571245.000000
  00302919   10884376      14293 10884376.000000
  00302925   20417664      27952 20417664.000000
  00302956   52494980      73790 52494980.000000
  00303007    2350962       3687  2350962.000000
  00303079   15170741      22709 15170741.000000
  00303201   14596310      20668 14596310.000000
  00303208   87008115     116706 87008115.000000
  00303264    5633196       7117  5633196.000000
  00303266   41740919      59917 41740919.000000
  00303291   26505956      37498 26505956.000000
  00303304   80740573     103611 80740573.000000
  00303338   90782421     112240 90782421.000000
  00303421   75229788     105191 75229788.000000
  00303499   70343931      91198 70343931.000000
  00303560   48916019      71408 48916019.000000
  00303638   74335806     101188 74335806.000000
  00303832   13919593      19986 13919593.000000
  00303846   71077917     106650 71077917.000000
  00303892   65779677     100325 65779677.000000
  00303943   60342124     101195 60342124.000000
  00304006   20930523      34648 20930523.000000
  00304008   61410138     102815 61410138.000000
  00304128   75703687     119747 75703687.000000
  00304178   53579736      93079 53579736.000000
  00304198   20173266      35325 20173266.000000
  00304211   16052307      28654 16052307.000000
  00304243   43859826      76978 43859826.000000
  00304308    3755004       6514  3755004.000000
  00304337   51425359      90038 51425359.000000
  00304409   13470958      22075 13470958.000000
  00304431   18955902      32404 18955902.000000
  00304494    7892600      13006  7892600.000000
  00305380   39218593      70435 39218593.000000
  00305543   34208100      39588 34208100.000000
  00305571    3553268       4270  3553268.000000
  00305618   36949727      67124 36949727.000000
  00305671    3260271       5875  3260271.000000
  00305674    2311425       4250  2311425.000000
  00305723   33307013      60764 33307013.000000
  00305727    8430939      14537  8430939.000000
  00305735   14849764      27994 14849764.000000
  00305777   39042835      70479 39042835.000000
  00305811   31880840      59523 31880840.000000
  00305920   30350299      56758 30350299.000000
  00306269   18416059      35782 18416059.000000
  00306278   46710498      84875 46710498.000000
  00306310   48415395      83883 48415395.000000
  00306384   26323954      43899 26323954.000000
  00306419   10910235      20861 10910235.000000
  00306442    3953031       7498  3953031.000000
  00306448   12095541      23611 12095541.000000
  00306451   38956733      72108 38956733.000000
  00307126    6678358       6375  6678358.000000
  00307195   24745704      47603 24745704.000000
  00307259   47891034      66929 47891034.000000
  00307306   21648529      41923 21648529.000000
  00307354    9815758      18878  9815758.000000
  00307358   46725678      83538 46725678.000000
  00307394   44002449      78034 44002449.000000
  00307454   60677930     104364 60677930.000000
  00307514   23130069      44295 23130069.000000
  00307539    9105245      17134  9105245.000000
  00307569   40510230      71950 40510230.000000
  00307601   49771088      67737 49771088.000000
  00307619    8266961      15619  8266961.000000
  00307656   56443850      95553 56443850.000000
  00307710   10467936      18993 10467936.000000
  00307716   27266528      49685 27266528.000000
  00307732   69443419     115916 69443419.000000
  00307861   36073657      64454 36073657.000000
  00307935   52828779      89978 52828779.000000
  00308047   62119233     103136 62119233.000000
  00308084   44248093      76418 44248093.000000
  00309375   12655194      10106 12655194.000000
  00309390   51600447      61342 51600447.000000
  00309440   58970492      96882 58970492.000000
  00309516   48003561      80949 48003561.000000
  00309640   49249481      83206 49249481.000000
  00309674   44280492      75624 44280492.000000
  00309759   46515816      76720 46515816.000000
  00310015    2038023        489  2038023.000000
  00310247    4365774       7176  4365774.000000
  00310249   58443043      90887 58443043.000000
  00310341   58476773      92424 58476773.000000
  00310370    4488643       3732  4488643.000000
  00310405   23313314      41327 23313314.000000
  00310468   19758243      34368 19758243.000000
  00310473   28671695      51024 28671695.000000
  00310634   72039752     116455 72039752.000000
  00310691   42630088      72201 42630088.000000
  00310738   57060346      86891 57060346.000000
  00310809   60744067      82992 60744067.000000
  00310863   15594412      26595 15594412.000000
  00310872   23911752      41377 23911752.000000
  00310969   25016508      38136 25016508.000000
  00311071   28475101      50951 28475101.000000
  00311170   48889697      81241 48889697.000000
  00311244   31614680      56705 31614680.000000
  00311287   47627258      81757 47627258.000000
  00311321   47805002      80181 47805002.000000
  00311365   38041073      62304 38041073.000000
  00311402   42759462      72666 42759462.000000
  00311473   12437510      22045 12437510.000000
  00311481   44043715      74665 44043715.000000
    302216      30000      14162    30000.000000
    302218      10000       5286    10000.000000
    302221      30000      17242    30000.000000
    302231      25000      14542    25000.000000
    302236      30000      15693    30000.000000
    302238      30000      12139    30000.000000
    302240      30000       9503    30000.000000
    302343      50000        362    50000.000000
    302346      50000        281    50000.000000
    302356      30000        144    30000.000000
    302357      50000        263    50000.000000
    302359      50000        202    50000.000000
    302361      50000        219    50000.000000
    302362      50000        220    50000.000000
    302363      50000        284    50000.000000
    302365      50000        268    50000.000000
    302393      50000      26115    50000.000000
    302396      50000      28915    50000.000000
    302406      50000      28725    50000.000000
    302407      50000      28857    50000.000000
    302409      50000      27774    50000.000000
    302411      35000      18281    35000.000000
    302412      50000      23551    50000.000000
    302413      50000      20441    50000.000000
    302415      50000      16630    50000.000000
    302418      50000          2    50000.000000
    302431      50000          0    50000.000000
    302432      50000          1    50000.000000
    302434      50000          2    50000.000000
    302436      50000          3    50000.000000
    302437      50000          1    50000.000000
    302438      50000          1    50000.000000
    302440      50000          2    50000.000000
    303279      30000      17581    30000.000000
    303282      30000      18208    30000.000000
    303292      30000      17626    30000.000000
    303297      30000      15697    30000.000000
    303299      30000      12089    30000.000000
    303301      30000      10531    30000.000000
    306939      60000      27968    60000.000000
    306940      60000      29163    60000.000000
    306941      60000      28808    60000.000000
    306942      60000      31236    60000.000000
    306943      60000      31324    60000.000000
    306944      60000      29885    60000.000000
    306945      60000      30522    60000.000000
    306946      60000      33760    60000.000000
    306948      60000      34076    60000.000000
    306949      60000      30901    60000.000000
    306952      60000      35864    60000.000000
    306955      60000      36208    60000.000000
    306958      60000      34668    60000.000000
    306959      60000      31224    60000.000000
    306962      60000      37308    60000.000000
    306964      60000      37137    60000.000000
    306966      60000      36614    60000.000000
    306967      60000      31246    60000.000000
    306968      60000      37641    60000.000000
    306970      60000      37973    60000.000000
    306972      60000      37780    60000.000000
    306973      60000      37085    60000.000000
    306974      60000      35557    60000.000000
    306975      60000      35737    60000.000000
    306976      60000      35855    60000.000000
    306977      60000      35693    60000.000000
    306978      60000      36826    60000.000000
    306979      60000      36779    60000.000000
    306980      60000      36620    60000.000000
    306981      60000      36783    60000.000000
    306982      60000      37050    60000.000000
    306983      60000      36892    60000.000000
    307380      50000        256    50000.000000
    307477      30000      12878    30000.000000
    307513     300000     176002       58.445554
    307675      50000      22590    50000.000000
    307679      50000      24362    50000.000000
    307682      50000      25390    50000.000000
    307692      50000      26977    50000.000000
    307697      50000      26360    50000.000000
    307699      50000      23935    50000.000000
    308468      60000      33600    60000.000000
    308469      60000      33903    60000.000000
    308496     200000      95850    10131.859433
    308509     200000     103294      393.494731
    308513     200000     117831      163.721911
    308515     200000     102306      164.298210
    308517     200000     121271       77.003964
    308520     200000     117556       76.682304
    308527     200000     101317       38.643672
    308568      60000      31231    60000.000000
    308569      60000      38273    60000.000000
    308570      60000      38297    60000.000000
    308571      60000      31696    60000.000000
    309743      60000      30761    60000.000000
    309744      60000      32005    60000.000000
    309745      60000      31137    60000.000000
    309746      60000      32507    60000.000000
    309747      60000      31110    60000.000000
    309748      60000      32492    60000.000000
    309749      60000      31230    60000.000000
    309750      60000      33976    60000.000000
    309751      60000      32743    60000.000000
    309752      60000      31326    60000.000000
    309753      60000      38383    60000.000000
    309754      60000      37594    60000.000000
    309755      60000      35224    60000.000000
    309756      60000      33830    60000.000000
    309757      60000      32664    60000.000000
    341313     200000      85027  1329243.835046
    341317     200000     109107   128111.327110
    341320     200000     113254    17790.378136
    341325     200000     114046      141.700089
    341330     186000      98337        4.325206
    341332     200000      89718   244352.554699
    341336     195000     106567    43172.425015
    341339     195000     110441    16589.856249
    341344     195000     111936     1376.563147
    341349     195000     104492      155.420563
    341733     400000     165397   400000.000000
    341736     400000     226642   400000.000000
    341738     400000     228980   400000.000000
    341741     400000          7   400000.000000
    341743     400000         10   400000.000000
    342282    2000000       4144 60391328.683380
    342283     300000       1086  1148415.944253
    342286     100000        221    41325.128543
    342287     100000        198    -3350.881486
    342909      30000      19673     1954.480945
    342913      30000      23063     1151.950407
    342916      30000      23564      356.880075
    342921      30000      23610       17.166283
    342926      30000      22680        1.931194
    342929      30000      23667       47.232712
    342930      30000      22117        4.266518
    342933      30000      23551       24.697192
    342934      30000      22480        2.549710
    343024     400000     216710   400000.000000
    343038     400000          6   400000.000000
    343051     400000          9   400000.000000
    343365    4995000    1712114   240945.409774
    343366    4980000     306735  2279007.479431
    343367    5000000      49901  2290458.080668
    343504     400000     170799     7093.357359
    343518     400000     210633      154.498690
    343524     400000     218195       22.987737
    343534     396000     220795        0.279546
    343536     400000         25     7093.080008
    343556     400000         23       22.985886
    343566     400000         33        0.281964
    344587      80000      36042    80000.000000
    344588      80000      39679    80000.000000
    344589      80000      42913    80000.000000
    345038     473100      78161   359998.100631
    345039     250000      39327   215515.156476
    345040     250000      40958   135020.588036
    345043    2500000         20  1619521.979718
    345044    2499900     631647  1615796.350956
    345045    3000000      17032   103008.008756
    345053    1999900      13648   350906.073237
    345054    3999950      26773  1114715.390039
    345055    2949000    1189491   224448.617550
    345056    2000000         31   300453.345575
    345057     750000     337893     4340.116968
    345058     500000          3     5693.437834
    345109     999000       3775   175417.677932
    345110    1998950       7506   556696.538937
    345111    2950000    1211682   224513.664083
    345112     220000          3    32986.387753
    345113     750000     343880     4340.116968
    345114     500000     228951     2928.014584
    345342    2996000         41 84791310.923859
    363123    1948000      30433  1995924.735010
    363124     572500      20616   594344.727569
    363125     500000      18003   525314.483003
    363126    1978900     444919  2766897.519832
    363127    1002900     298500  1439961.856476
    363128     391940     119211   593381.127759
    363129    1960000     836391  3030663.918382
    363130     979900     478215  1557632.727503
    363131     777420     391356  1293155.255842
    363132     789000     455863  1291766.123406
    363133     397000     237328   665844.701927
    363134     233000     143083   404648.759004
    363135     196000     124999   326570.491330
    363136     201000     129106   339549.865476
    363137      24000      15585    41479.064995
    363138       5000       3365     8331.760286
    363139       5000       3277     8347.539624
    363140      54500      36594    92852.435483
    363141      54500      38207    90565.694611
    363142      51000      35178    84349.967721
    363143      51000      35246    84922.384609
    363144      21000      15235    33919.265728
    363145      21000      15331    33393.244605
    363146      21000      15200    33401.957618
    363147    3000000      34862  3073992.674017
    363148     999900      27858  1039075.787541
    363149     717950      20300   755012.805906
    363150    1930800     344651  2703609.295114
    363151    1483400     352070  2131800.966258
    363152     393280      96281   595102.933647
    363153    1970000     689099  3042944.620844
    363154     984350     394372  1562741.298224
    363155     779860     325087  1295632.439875
    363156     791000     376151  1294638.105396
    363157     394000     193819   661388.570252
    363158     234000     118863   407508.425592
    363159     197000     103087   328213.626199
    363160     200000     105354   338422.006324
    363161      68000      36701   117423.673118
    363162      49900      27681    83974.599744
    363163      50000      27420    84457.152597
    363164      50000      28010    85654.137221
    363165      50000      29334    84327.687295
    363166      50000      28876    83502.097805
    363168      20000      12447    33323.535893
    363169      40000      24483    65553.133378
    363355    5400000         13  3496611.893688
    363356    5400000    1438615  3493297.569607
    363357    6000000         13   559370.390577
    363358    5400000    1336086   254404.249829
    363359    7194000       9083  1076338.136888
    363360    7188000       8798  1080428.409369
    363489    7180000      17274  1124496.066960
    364100    7970000     316973  5372476.068545
    364101    4982000     386452  2871991.426144
    364102    7983000     609222  4120985.337338
    364103    5983000    1659924  2166490.441836
    364104    1996800     652403   732465.502558
    364105    5981600    1961571  2082263.968592
    364106    5000000    2245193  2974012.067162
    364107    3000000    1478677  1991088.330737
    364108   12458900    6269152  8646674.040882
    364109    1930000    1161724  1667828.953364
    364110     999600     605191   918652.623890
    364111    1999400    1230076  1880442.932102
    364112    2996500    1908784  2980513.214441
    364113     997000     671879  1017049.293507
    364114    8000000     248327  5374833.016751
    364115    4999000     303434  2872880.276420
    364116    7995600     483538  4110178.060185
    364117    5956000    1321146  2175375.417021
    364118    1919200     504589   696108.433031
    364119    3980000    1058510  1383476.912885
    364120    3665000    1372582  2196416.265157
    364121    3000000    1228869  2001395.901331
    364122   12439600    5250443  8626709.418258
    364123    1999800    1013810  1723396.105726
    364124     939900     476499   863207.933303
    364125    1999850    1037201  1875662.690188
    364126    2999000    1600325  2968474.179291
    364127    1000000     568109  1016520.833289
    364128    7986000       5247  5376034.859371
    364129    4979000       6330  2869441.986585
    364130    7995800      11082  4114442.115225
    364131    5997500      34356  2190964.013229
    364132    1999200      13646   731614.169086
    364133    5969550      43663  2090757.190214
    364134    3335000      39846  1998253.120298
    364135    3000000      38610  2001155.352105
    364136    4992950      69018  3472626.201425
    364137    2000000      37916  1678900.332077
    364138    1000000      18201   918259.650128
    364139    1983950      37782  1860875.964687
    364140    2999800      61872  2978478.474718
    364141    1000000      23167  1018271.294646
    364142    9999000          0  6606908.796466
    364143    7934000          0  4500386.876761
    364144    7944000          1  4009527.165899
    364145   13701000          1  4922339.229978
    364146   14289800          4  5177662.739376
    364147   19355500         29  6780165.053227
    364148   14432800          7  8555269.463128
    364149   12390500         15  8219434.184841
    364150      47000          0    32579.928927
    364152    3315500         20  3054699.028248
    364153    8862350        178  8329870.935002
    364154   10000000        181  9942935.757778
    364155    5000000        310  5127586.583328
    364156   24966000       1374 16783367.715215
    364157    9993000       2181  5726997.700749
    364158   17485200       8980 10559843.078789
    364159   14964000       7045  5482207.913206
    364160    9975200      11749  3739738.716532
    364161   19915000      59556  8101688.300631
    364162   10000000      11153  6228867.748728
    364163    7500000      18662  5326023.971313
    364164   25000000     157864 18531580.763148
    364165    4999000      12080  4376833.834797
    364166    2989000      11592  2813148.816153
    364167    2939500      27044  2816636.726889
    364168    5997500      33275  6029336.825471
    364169    3998000      39870  4108152.135787
    364170   24997000       1211 16788422.983434
    364171    9910500       2040  5679456.922067
    364172   17282400       8024 10433089.535986
    364173    9959500       4400  3639020.476478
    364174    9940400      10851  3760767.332419
    364175    9895900      27095  4017769.488745
    364176   10000000      10311  6234702.265768
    364177    7498000      17531  5326066.176417
    364178   24860800     145278 18433491.262350
    364179    4998800      11304  4378414.323111
    364180    1999400       7253  1874911.561009
    364181    2998000      25587  2873526.187812
    364182    5998600      30787  6085450.809472
    364183    3999000      37025  4129139.921382
    364184   16641000         62 11230259.354064
    364185    9994600        172  5745345.396940
    364186   17483200        620 10626861.126148
    364187    9999500        496  3658450.277902
    364188    9999000       1179  3772484.908089
    364189    3425000        957  1367686.830603
    364190    9970000       1434  6210472.182204
    364191    7500000       2202  5315025.007563
    364192   24999900      18230 18537130.784175
    364193    4999200       1956  4382337.211932
    364194    2998400       1701  2811523.162085
    364195    2998100       3678  2872290.120457
    364196    5960000       5531  5998107.731048
    364197    4000000       7243  4113124.759368
    364254   14996000    1889168  5114801.434128
    364302     249000      84554   249522.962256
    364303     248600          0   249084.155900
    364304     328000        611    72043.114539
    364305     350000        637    76879.554767
    407019     500000      37506        0.016845
    407345   16733700    1140894 12053708643.992371
    407346    3006020     201346 2132460458.350525
    407347    1988600     139781 1370975733.338989
    410011    3335000      12375        0.145908
    410012    4998000      19847        0.128906
    410013    5000000     135154  5000000.000000
    410014    4968000     134341  4968000.000000
    410015     500000     109436   500000.000000
    410016     500000     109856   500000.000000
    410017    3000000       9511        0.121086
    410018    3000000       9027        0.133453
    410019    2000000       6991        0.047528
    410020    2000000       6620        0.052895
    410025    1000000       3786        0.002053
    410026    1000000       4043        0.001262
    410047    4910000      16402  4583982.000000
    410062    4998000     117605        0.162245
    410063    5000000     117613        0.162189
    410080     200000      28372   200000.000000
    410081      50000       7238    50000.000000
    410099    5000000     122648        0.175260
    410100    5000000     124599        0.167399
    410102    4999000     124797        0.167287
    410107    1000000       3085        0.002081
    410108    1000000       3327        0.002035
    410109    1000000       3350        0.001279
    410110    1000000       3544        0.001252
    410145     982000     204917   980428.000000
    410146     982000     204057   980382.000000
    410147    4900000     123761  4891874.000000
    410148    4905000     123655  4896850.000000
    410155    7497000     652070  4110680.752182
    410156    1500000      57718   232491.180384
    410157    3000000     122060  1583158.620036
    410218    1410000     610333    52012.904245
    410219    1410000     646555    52021.837779
    410220     935000      97351    34220.875033
    410249    9993000        730  2753125.731669
    410470   59998000    4078061 43808539085.510132
    410471   19994000       1778 14599590131.244751
    410472   19996000    6052000 14601179085.763184
    410501   59993000    3948035 43804890053.853027
    410503   19999000    5890915 1538562845.940018
    410560    1000000      99725       43.743735
    410642    4994000      18479 184898334.133519
    410643    4975500      19544 110439966.850675
    410644    2000000       8482  4056368.955808
    410645    2000000       8990  2537965.303388
    410646    4996000     135366 189644620.315369
    410647    4999000     136263 189607897.911964
    410648    1000000     218244  3999056.462175
    410649    1000000     218530  3996367.691262
    410654    4969000     121335 182902017.732512
    410655    4974000     119543 186527930.974462
    410656    1000000     194744  3878386.019267
    410657    1000000     192348  3957806.055004
