-2.5    -2.25    1.52879    0.0159701    0.997144    0.00025963     1.4786     0.09037      0.995417    0.00157039    1.52359    0.0425901   0.996263    0.000231577
-2.25   -2       1.4398     0.00907057   0.99753     5.99289e-05    1.18533    0.0223801    1.0001      0.00256613    1.55408    0.06068     0.996443    0.000193658
-2      -1.7     1.31       0.00556002   0.998259    0.000201825    1.25006    0.00246013   0.998826    0.000685597   1.39707    0.109103    0.996615    0.00340223
-1.7    -1.5     1.23427    0.0516307    0.997923    0.000278875    1.17847    0.03019      0.998748    0.000365771   1.53942    0.0854166   0.999406    0.00702991
-1.5    -1.05    1.38719    0.01028      0.996182    0.000277469    1.23967    0.01618      0.998768    0.00037377    1.49727    0.0398922   0.989351    0.000505269
-1.05   -0.8     1.26002    0.001496     0.997553    0.00014383     1.21015    0.0216322    0.998433    0.0023463     1.18132    0.0389798   0.996653    0.000450177
-0.8    -0.4     1.30079    0.0149551    0.998381    0.000407635    1.24173    0.00566003   0.999072    0.000185914   1.11217    0.0172101   0.998826    0.00190089
-0.4     0       1.25069    0.0126035    0.998816    0.000198205    1.2184     0.014128     0.999332    0.000239532   1.16632    0.00797002  0.998047    6.99327e-05
0        0.4     1.3119     0.0148801    0.998441    0.000905293    1.20217    0.01091      0.998896    0.000211883   1.16204    0.02556     0.99745     0.000290653
0.4      0.8     1.25442    0.01245      0.99859     0.000109925    1.21125    0.00819002   0.99931     0.000207962   1.16801    0.00530001  0.997026    5.99122e-05
0.8      1.05    1.28501    0.0760401    0.997765    0.000269864    1.19919    0.02153      0.99866     0.000379745   1.1769     0.01703     0.996974    0.000129439
1.05     1.5     1.36774    0.00951006   0.996609    0.000355396    1.24651    0.0135603    0.998588    0.000469926   1.84601    0.03995     0.986679    0.000552285
1.5      1.7     1.24633    0.0242114    0.997502    0.00077843     1.08408    0.0898802    1.00066     0.00245483    1.5924     0.00649013  0.993373    0.00194952
1.7      2       1.385      0.0202801    0.998525    0.000195856    1.26981    0.0429076    0.999444    0.0014858     1.42237    0.0113606   0.997022    0.000559759
2        2.25    1.41356    0.0262915    0.998003    0.000327696    1.19239    0.0417996    1.00134     0.00302699    1.58811    0.05589     0.997102    0.000247641
2.25     2.5     1.47905    0.025714     0.999106    0.00189319     1.3945     0.03255      0.995731    0.000876126   1.46728    1.46728     0.996511    1.94833
